Hull,Fn,leeway,heel,Xnd,Ynd,Nnd
1,0.126,0,0,0.007174899,0,0
1,0.126,3,0,0.007402649,0.002667988,0.00711171
1,0.126,4,0,0.007567265,0.003917537,0.009406314
1,0.126,5,0,0.00781841,0.005356048,0.011676497
1,0.126,6,0,0.008149972,0.007095964,0.013885442
1,0.126,7,0,0.008532426,0.008982033,0.016094147
1,0.126,9,0,0.009550747,0.013020462,0.020609641
1,0.168,0,0,0.008319994,0,0
1,0.168,3,0,0.008482649,0.003008373,0.007155076
1,0.168,4,0,0.008677833,0.004511957,0.009440579
1,0.168,5,0,0.009006323,0.00628138,0.011708801
1,0.168,6,0,0.009381676,0.008115047,0.013941367
1,0.168,7,0,0.009761942,0.009952336,0.016186212
1,0.168,9,0,0.010920117,0.014202284,0.020735993
1,0.21,0,0,0.010990172,0,0
1,0.21,3,0,0.011147839,0.003469273,0.007235304
1,0.21,4,0,0.011209434,0.005085395,0.009569765
1,0.21,5,0,0.01150059,0.00703858,0.011845866
1,0.21,6,0,0.012110952,0.009083587,0.014125099
1,0.21,7,0,0.012677302,0.011407737,0.016340669
1,0.21,9,0,0.01376761,0.016280444,0.020850511
1,0.126,0,10,0.007298862,0.000773506,0.001136255
1,0.126,3,10,0.007585063,0.003174296,0.008387673
1,0.126,4,10,0.00780213,0.00442992,0.010786471
1,0.126,5,10,0.008101696,0.00586796,0.01317615
1,0.126,6,10,0.008455414,0.007487387,0.015553001
1,0.126,7,10,0.008875857,0.009221437,0.017940183
1,0.126,9,10,0.009937762,0.013141485,0.02282622
1,0.168,0,10,0.008405079,0.000598162,0.001074379
1,0.168,3,10,0.00876069,0.003468939,0.008342871
1,0.168,4,10,0.008999865,0.004929401,0.010731546
1,0.168,5,10,0.009325615,0.006620273,0.013109468
1,0.168,6,10,0.009440111,0.006455329,0.013108911
1,0.168,7,10,0.01021596,0.010318815,0.017861404
1,0.168,9,10,0.01136288,0.014463077,0.022758643
1,0.21,0,10,0.01112964,0.00022306,0.001027934
1,0.21,3,10,0.011612447,0.003623817,0.00839366
1,0.21,4,10,0.011843056,0.005235811,0.010805762
1,0.21,5,10,0.012110327,0.00699575,0.013183678
1,0.21,6,10,0.012610686,0.009098781,0.015596094
1,0.21,7,10,0.013145867,0.01130485,0.017963469
1,0.21,9,10,0.014358767,0.016300405,0.022822487
1,0.126,0,20,0.007948391,0.001486807,0.00194632
1,0.126,3,20,0.008482607,0.004087452,0.009466999
1,0.126,4,20,0.008807197,0.005381888,0.011980725
1,0.126,5,20,0.009188956,0.006973688,0.014483796
1,0.126,6,20,0.009683443,0.008848849,0.016990656
1,0.126,7,20,0.010176498,0.010763547,0.019531651
1,0.126,9,20,0.011592803,0.016130627,0.0245118
1,0.168,0,20,0.009124224,0.001182624,0.001863201
1,0.168,3,20,0.009679186,0.00412187,0.009394203
1,0.168,4,20,0.010040089,0.005558068,0.011898144
1,0.168,5,20,0.010489754,0.007260478,0.014413865
1,0.168,6,20,0.010941947,0.009188587,0.016885048
1,0.168,7,20,0.011583485,0.011403986,0.019433635
1,0.168,9,20,0.013038076,0.017246083,0.024417425
1,0.21,0,20,0.012077844,0.000636499,0.001747897
1,0.21,3,20,0.012926072,0.004123029,0.009327974
1,0.21,4,20,0.013338839,0.005794554,0.011882359
1,0.21,5,20,0.013397195,0.007731152,0.014435591
1,0.21,6,20,0.013994115,0.009877708,0.016945286
1,0.21,7,20,0.014965098,0.012332357,0.01944216
1,0.21,9,20,0.016360519,0.018379948,0.024519332
2,0.126,0,0,0.006410918,0,0
2,0.126,3,0,0.006649513,0.002905996,0.007707785
2,0.126,4,0,0.0068337,0.004257638,0.010206733
2,0.126,5,0,0.007071486,0.00593503,0.012637572
2,0.126,6,0,0.007400441,0.007821507,0.015028356
2,0.126,7,0,0.007820141,0.009928845,0.017416477
2,0.126,9,0,0.008950257,0.015227084,0.022299859
2,0.168,0,0,0.00742035,0,0
2,0.168,3,0,0.007617345,0.003176749,0.007757184
2,0.168,4,0,0.007815345,0.004792819,0.010241449
2,0.168,5,0,0.008123693,0.006688094,0.012680558
2,0.168,6,0,0.008498887,0.008766503,0.015060707
2,0.168,7,0,0.008865463,0.01091824,0.017481278
2,0.168,9,0,0.010121035,0.016720281,0.022315124
2,0.21,0,0,0.009866859,0,0
2,0.21,3,0,0.009986132,0.003617878,0.007877414
2,0.21,4,0,0.010079401,0.005354334,0.010405311
2,0.21,5,0,0.010357343,0.007419541,0.012869714
2,0.21,6,0,0.010772373,0.009570074,0.015259341
2,0.21,7,0,0.01132348,0.012097926,0.01761834
2,0.21,9,0,0.012568744,0.018636173,0.022548136
2,0.168,3,10,0.007802974,0.003809117,0.008541039
2,0.168,5,10,0.008411666,0.007703902,0.013518385
2,0.168,3,20,0.008387494,0.004333461,0.009209532
2,0.168,5,20,0.009185978,0.00808964,0.014289761
2,0.168,7,20,0.01034998,0.013665924,0.019238174
3,0.126,0,0,0.008250601,0,0
3,0.126,3,0,0.008434732,0.002198525,0.006488276
3,0.126,4,0,0.008639587,0.003312041,0.00858355
3,0.126,5,0,0.008876794,0.00463518,0.01062617
3,0.126,6,0,0.009204129,0.006122625,0.012639008
3,0.126,7,0,0.009568749,0.007750209,0.014632226
3,0.126,9,0,0.010584988,0.011376821,0.018725282
3,0.168,0,0,0.009579678,0,0
3,0.168,3,0,0.00973821,0.002813524,0.006467576
3,0.168,4,0,0.010032885,0.004157332,0.008626667
3,0.168,5,0,0.010211782,0.005620924,0.010650518
3,0.168,6,0,0.01061192,0.00747487,0.012717913
3,0.168,7,0,0.011061938,0.009044997,0.014765114
3,0.168,9,0,0.012096623,0.012316218,0.018922343
3,0.21,0,0,0.012612583,0,0
3,0.21,3,0,0.012715412,0.003285928,0.006606907
3,0.21,4,0,0.01285384,0.004774603,0.008723516
3,0.21,5,0,0.013241457,0.006404155,0.010815258
3,0.21,6,0,0.013647807,0.008204455,0.012883886
3,0.21,7,0,0.014207028,0.009947672,0.014928141
3,0.21,9,0,0.015357814,0.014312936,0.019062248
3,0.168,3,10,0.010123061,0.00334919,0.008181195
3,0.168,5,10,0.010718652,0.006076049,0.012648135
4,0.126,0,0,0.007608126,0,0
4,0.126,3,0,0.007700123,0.001474904,0.007495326
4,0.126,4,0,0.007781989,0.002308813,0.009874711
4,0.126,5,0,0.007904147,0.003351068,0.012207828
4,0.126,6,0,0.008178171,0.00493368,0.014367597
4,0.126,7,0,0.008506198,0.00661778,0.016503718
4,0.126,9,0,0.009433603,0.01059695,0.020677508
4,0.168,0,0,0.009549756,0,0
4,0.168,3,0,0.009647969,0.00180864,0.007508833
4,0.168,4,0,0.009764001,0.003188633,0.009889211
4,0.168,5,0,0.010008515,0.004609827,0.012158839
4,0.168,6,0,0.010297554,0.006401464,0.014311788
4,0.168,7,0,0.01055779,0.007912282,0.016405776
4,0.168,9,0,0.011509558,0.012114723,0.020489902
4,0.21,0,0,-0.001118724,0,0
4,0.21,3,0,-0.001182979,0.000415609,0.00015754
4,0.21,4,0,-0.001166867,0.000523081,0.0001965
4,0.21,5,0,-0.001033659,0.000660527,0.000255947
4,0.21,6,0,-0.001236969,0.000757705,0.000281436
4,0.21,7,0,-0.001172772,0.000932154,0.000355545
4,0.21,9,0,-0.001164551,0.001095403,0.000411065
4,0.168,3,10,0.01003498,0.002906149,0.008563078
4,0.168,5,10,0.010381695,0.005143103,0.013330665
4,0.168,3,20,0.011254799,0.004634975,0.009367968
4,0.168,5,20,0.011948594,0.006718956,0.014491711
4,0.168,7,20,0.013022817,0.009037474,0.019574273
5,0.126,0,0,0.007110523,0,0
5,0.126,3,0,0.007351958,0.002387395,0.006569013
5,0.126,4,0,0.007475914,0.003429532,0.008708593
5,0.126,5,0,0.007670046,0.004756181,0.010819462
5,0.126,6,0,0.007971593,0.006426227,0.01289293
5,0.126,7,0,0.008354034,0.008209327,0.015020808
5,0.126,9,0,0.009316136,0.012378279,0.019480168
5,0.168,0,0,0.008041124,0,0
5,0.168,3,0,0.008179794,0.002659524,0.006618474
5,0.168,4,0,0.008364128,0.003919444,0.008777837
5,0.168,5,0,0.00863738,0.005378459,0.010917067
5,0.168,6,0,0.00898193,0.007098594,0.013016511
5,0.168,7,0,0.009339035,0.008896266,0.015188025
5,0.168,9,0,0.010380577,0.013116314,0.019672266
5,0.21,0,0,0.010251841,0,0
5,0.21,3,0,0.010479424,0.00321723,0.006830426
5,0.21,4,0,0.010648129,0.00466013,0.009033764
5,0.21,5,0,0.010890464,0.006358471,0.01118708
5,0.21,6,0,0.011274095,0.008308546,0.013307431
5,0.21,7,0,0.011667744,0.010379973,0.015452967
5,0.21,9,0,0.0126638,0.015294496,0.019936596
5,0.168,0,10,0.00833638,0.000624469,0.001269241
5,0.168,3,10,0.008588386,0.00331253,0.007937654
5,0.168,4,10,0.008815983,0.00455846,0.010155782
5,0.168,5,10,0.009162808,0.005976333,0.012372286
5,0.168,6,10,0.009618584,0.00759008,0.014626192
5,0.168,7,10,0.010117957,0.009424514,0.016915597
5,0.168,9,10,0.011206825,0.014183002,0.021703797
5,0.168,0,20,0.00925759,0.001458086,0.002311779
5,0.168,3,20,0.009653671,0.004367624,0.00918898
5,0.168,4,20,0.009949294,0.005703431,0.011491251
5,0.168,5,20,0.010645976,0.007218708,0.01378719
5,0.168,6,20,0.011283005,0.008921076,0.016116134
5,0.168,7,20,0.011760035,0.010855238,0.01852412
5,0.168,9,20,0.012911215,0.016706716,0.023401736
6,0.126,0,0,0.007558814,0,0
6,0.126,3,0,0.007782608,0.002886862,0.0076412
6,0.126,4,0,0.00796045,0.004432079,0.010072176
6,0.126,5,0,0.008243072,0.006396995,0.012417304
6,0.126,6,0,0.008646115,0.008830697,0.014658102
6,0.126,7,0,0.009174595,0.011495811,0.016864191
6,0.126,9,0,0.010378006,0.016763981,0.021477831
6,0.168,0,0,0.00863553,0,0
6,0.168,3,0,0.008767058,0.003210812,0.007669301
6,0.168,4,0,0.008972425,0.005090897,0.010100014
6,0.168,5,0,0.009361631,0.007258951,0.012463207
6,0.168,6,0,0.009846727,0.010031179,0.014678785
6,0.168,7,0,0.010359546,0.012838378,0.016890946
6,0.168,9,0,0.01171885,0.018208088,0.021602017
6,0.21,0,0,0.011299354,0,0
6,0.21,3,0,0.011335114,0.003697739,0.007794328
6,0.21,4,0,0.011451251,0.005711142,0.010260709
6,0.21,5,0,0.011794299,0.008140457,0.012612478
6,0.21,6,0,0.012297841,0.010789542,0.014881218
6,0.21,7,0,0.013023059,0.013956369,0.017106421
6,0.21,9,0,0.014371358,0.019904804,0.021695785
6,0.168,3,10,0.00907226,0.003801224,0.009044246
6,0.168,5,10,0.009646487,0.007352321,0.014118904
6,0.168,3,20,0.009868263,0.004703144,0.010278579
6,0.168,5,20,0.010650819,0.008126265,0.015682086
6,0.168,7,20,0.011745404,0.01243703,0.021073218
7,0.126,0,0,0.006850374,0,0
7,0.126,3,0,0.007080604,0.00249514,0.006545286
7,0.126,4,0,0.007234613,0.003660598,0.008682286
7,0.126,5,0,0.007458494,0.005043294,0.010830101
7,0.126,6,0,0.007753152,0.006656327,0.012959683
7,0.126,7,0,0.008131769,0.008414345,0.015142913
7,0.126,9,0,0.009128086,0.012476739,0.019710425
7,0.168,0,0,0.008053953,0,0
7,0.168,3,0,0.008193034,0.002779573,0.006577142
7,0.168,4,0,0.008421062,0.004210868,0.008725683
7,0.168,5,0,0.008680338,0.005690373,0.010876591
7,0.168,6,0,0.00902874,0.007396106,0.013032749
7,0.168,7,0,0.009427126,0.009212728,0.01524288
7,0.168,9,0,0.010518267,0.013366216,0.019881306
7,0.21,0,0,0.010997364,0,0
7,0.21,3,0,0.011041631,0.003220409,0.006682098
7,0.21,4,0,0.011173413,0.004786953,0.008866886
7,0.21,5,0,0.011537381,0.006435278,0.011038195
7,0.21,6,0,0.012028002,0.008373532,0.01321625
7,0.21,7,0,0.012509936,0.010547456,0.015400984
7,0.21,9,0,0.013419867,0.015268767,0.019988224
7,0.168,3,10,0.0085217,0.003322355,0.00765897
7,0.168,5,10,0.009097602,0.006267401,0.012067461
7,0.168,3,20,0.009432872,0.003947591,0.008558968
7,0.168,5,20,0.010260493,0.007092915,0.013124636
7,0.168,7,20,0.011290071,0.011337398,0.017808193
8,0.126,0,0,0.006721163,0,0
8,0.126,3,0,0.006796783,0.001497423,0.008125085
8,0.126,4,0,0.006932842,0.002597782,0.010690744
8,0.126,5,0,0.007077782,0.003893314,0.013172329
8,0.126,6,0,0.007399427,0.005705715,0.015533685
8,0.126,7,0,0.007686515,0.007698689,0.017793752
8,0.126,9,0,0.008661793,0.012433053,0.022271489
8,0.168,0,0,0.008580348,0,0
8,0.168,3,0,0.008646218,0.001788403,0.008176796
8,0.168,4,0,0.008898017,0.003262083,0.010796939
8,0.168,5,0,0.00899325,0.004772638,0.013159868
8,0.168,6,0,0.009302247,0.006785888,0.015513279
8,0.168,7,0,0.00971527,0.009281123,0.017693709
8,0.168,9,0,0.010950159,0.014604074,0.022112586
8,0.21,0,0,0.013645788,0,0
8,0.21,3,0,0.013546367,0.002256769,0.00811539
8,0.21,4,0,0.013886117,0.003665227,0.010667642
8,0.21,5,0,0.014033438,0.005570687,0.013042772
8,0.21,6,0,0.014530783,0.007925245,0.015231872
8,0.21,7,0,0.01498409,0.010598451,0.01734665
8,0.21,9,0,0.016293742,0.016213585,0.021709867
8,0.168,3,10,0.008953242,0.002892242,0.00889343
8,0.168,5,10,0.00941748,0.005422862,0.013956481
8,0.168,3,20,0.009842497,0.004419533,0.009327659
8,0.168,5,20,0.010482918,0.006762526,0.01454567
8,0.168,7,20,0.011502095,0.009741116,0.019650679
9,0.126,0,0,0.006303401,0,0
9,0.126,3,0,0.006560644,0.002752196,0.007122309
9,0.126,4,0,0.00671363,0.004004576,0.009446239
9,0.126,5,0,0.006951461,0.005619739,0.011728486
9,0.126,6,0,0.007238467,0.007547173,0.014009555
9,0.126,7,0,0.007647143,0.009725885,0.016362278
9,0.126,9,0,0.008775315,0.015337953,0.021354975
9,0.168,0,0,0.007108977,0,0
9,0.168,3,0,0.007344288,0.003007548,0.007191759
9,0.168,4,0,0.007551416,0.004409134,0.009541097
9,0.168,5,0,0.007759802,0.006131758,0.011828682
9,0.168,6,0,0.008087592,0.008124674,0.014115192
9,0.168,7,0,0.008519829,0.01040512,0.016476062
9,0.168,9,0,0.009781857,0.016136872,0.021473533
9,0.21,0,0,0.009384372,0,0
9,0.21,3,0,0.009367075,0.003518969,0.007376698
9,0.21,4,0,0.00948685,0.005057943,0.009758449
9,0.21,5,0,0.009827065,0.00698076,0.0120861
9,0.21,6,0,0.010242298,0.009219396,0.014380552
9,0.21,7,0,0.01068604,0.011702121,0.016750635
9,0.21,9,0,0.011883366,0.018220211,0.021741708
9,0.168,3,10,0.007554012,0.00359766,0.008110886
9,0.168,5,10,0.00809602,0.007053802,0.012871042
9,0.168,3,20,0.008327131,0.004352152,0.008913473
9,0.168,5,20,0.009077529,0.007885595,0.013675779
9,0.168,7,20,0.010342377,0.013066141,0.018503102
10,0.126,0,0,0.008654984,0,0
10,0.126,3,0,0.008786913,0.001432925,0.006825021
10,0.126,4,0,0.00877846,0.002027862,0.008986872
10,0.126,5,0,0.009118937,0.003201311,0.011051598
10,0.126,6,0,0.009450378,0.004478149,0.01305879
10,0.126,7,0,0.009759343,0.005848786,0.015011863
10,0.126,9,0,0.0107228,0.009467818,0.018846986
10,0.168,0,0,0.010891817,0,0
10,0.168,3,0,0.011031014,0.002289174,0.006915223
10,0.168,4,0,0.011241998,0.003253957,0.008930771
10,0.168,5,0,0.011462684,0.004614125,0.011030541
10,0.168,6,0,0.011759761,0.005926728,0.013105917
10,0.168,7,0,0.012163204,0.007846236,0.015011432
10,0.168,9,0,0.013063284,0.01079529,0.018740892
10,0.21,0,0,0.016012304,0,0
10,0.21,3,0,0.016212173,0.003001637,0.006853648
10,0.21,4,0,0.016375786,0.003621553,0.008797371
10,0.21,5,0,0.016974807,0.005189989,0.010883016
10,0.21,6,0,0.017188428,0.006734683,0.012744884
10,0.21,7,0,0.017438199,0.008556803,0.014587549
10,0.21,9,0,0.018536169,0.012234057,0.018290485
10,0.168,3,10,0.01172962,0.003212424,0.008340316
10,0.168,5,10,0.012071868,0.005134162,0.012786898
11,0.126,0,0,0.008144739,0,0
11,0.126,3,0,0.008371887,0.0020796,0.005957708
11,0.126,4,0,0.008510736,0.002935599,0.00791031
11,0.126,5,0,0.008721753,0.003983388,0.009819918
11,0.126,6,0,0.008984034,0.005274668,0.011700938
11,0.126,7,0,0.009340735,0.006824737,0.013560192
11,0.126,9,0,0.010209903,0.010096801,0.017475044
11,0.168,0,0,0.00919018,0,0
11,0.168,3,0,0.009406137,0.002422401,0.006018837
11,0.168,4,0,0.009609934,0.003409177,0.008000939
11,0.168,5,0,0.009755189,0.004566256,0.00993229
11,0.168,6,0,0.010048622,0.005890502,0.011841033
11,0.168,7,0,0.010468475,0.007494956,0.01373522
11,0.168,9,0,0.0114843,0.010743478,0.017710455
11,0.21,0,0,0.011781847,0,0
11,0.21,3,0,0.01188172,0.003134146,0.006217751
11,0.21,4,0,0.012062006,0.004397479,0.008224173
11,0.21,5,0,0.012372244,0.005793788,0.010190629
11,0.21,6,0,0.012682587,0.007359533,0.012128943
11,0.21,7,0,0.013068982,0.009071771,0.014034429
11,0.21,9,0,0.013966332,0.012850894,0.017998862
11,0.168,3,10,0.010151188,0.003261482,0.007798217
11,0.168,5,10,0.010787711,0.005484283,0.011956681
12,0.126,0,0,0.006745808,0,0
12,0.126,3,0,0.007023392,0.003323717,0.008239971
12,0.126,4,0,0.007225979,0.005068527,0.010839613
12,0.126,5,0,0.007537997,0.007236542,0.013343029
12,0.126,6,0,0.00798077,0.009834116,0.015751986
12,0.126,7,0,0.008497208,0.012825863,0.018094204
12,0.126,9,0,0.009731241,0.018418637,0.023054155
12,0.168,0,0,0.007665548,0,0
12,0.168,3,0,0.007957349,0.003620094,0.008299186
12,0.168,4,0,0.008202981,0.005569459,0.010907813
12,0.168,5,0,0.008518822,0.007949978,0.01339867
12,0.168,6,0,0.008907214,0.010678203,0.015794066
12,0.168,7,0,0.009465065,0.013737568,0.018144474
12,0.168,9,0,0.010916759,0.020058768,0.023063534
12,0.21,0,0,0.010033909,0,0
12,0.21,3,0,0.010152449,0.004098983,0.008431431
12,0.21,4,0,0.010301985,0.006156186,0.011059407
12,0.21,5,0,0.010643841,0.008673421,0.01357383
12,0.21,6,0,0.011099521,0.011615824,0.016031129
12,0.21,7,0,0.011740728,0.014877388,0.018371445
12,0.21,9,0,0.013221301,0.02185267,0.023305112
12,0.168,3,10,0.008096361,0.004110883,0.009202958
12,0.168,5,10,0.00872259,0.008230765,0.014532449
12,0.168,3,20,0.008690194,0.004934335,0.009945579
12,0.168,5,20,0.009478569,0.009070031,0.015387913
12,0.168,7,20,0.010682421,0.0142668,0.020792355
13,0.126,0,0,0.006091187,0,0
13,0.126,3,0,0.006351573,0.002818838,0.007127917
13,0.126,4,0,0.006517364,0.00419179,0.009449884
13,0.126,5,0,0.006750148,0.005902533,0.011751283
13,0.126,6,0,0.007046371,0.007810639,0.014086598
13,0.126,7,0,0.007486265,0.010078883,0.016475052
13,0.126,9,0,0.00861586,0.01525039,0.021542281
13,0.168,0,0,0.007153972,0,0
13,0.168,3,0,0.007408513,0.003157146,0.007198813
13,0.168,4,0,0.007633472,0.004693438,0.009521404
13,0.168,5,0,0.007850396,0.006520879,0.011823485
13,0.168,6,0,0.00814949,0.008521099,0.01416024
13,0.168,7,0,0.008597578,0.010950507,0.016542796
13,0.168,9,0,0.009849676,0.016232478,0.021620271
13,0.21,0,0,0.009769714,0,0
13,0.21,3,0,0.009831591,0.003569236,0.007304812
13,0.21,4,0,0.010042842,0.005258764,0.009661648
13,0.21,5,0,0.010315143,0.00727297,0.011983433
13,0.21,6,0,0.010706961,0.009500494,0.014321709
13,0.21,7,0,0.011236818,0.012272114,0.016732408
13,0.21,9,0,0.012472641,0.018063546,0.021776718
13,0.168,3,10,0.00759974,0.003726345,0.007882218
13,0.168,5,10,0.008173814,0.00752166,0.012596064
13,0.168,3,20,0.008226936,0.004125453,0.008436784
13,0.168,5,20,0.009016822,0.008100618,0.013094193
13,0.168,7,20,0.010024129,0.013100615,0.018041027
14,0.126,0,0,0.008647368,0,0
14,0.126,3,0,0.008886158,0.002542481,0.007011978
14,0.126,4,0,0.009059887,0.003919684,0.009246872
14,0.126,5,0,0.009330781,0.00564318,0.011385272
14,0.126,6,0,0.009728346,0.007767223,0.013445298
14,0.126,7,0,0.010221226,0.010134471,0.015467979
14,0.126,9,0,0.011415756,0.01522637,0.019607835
14,0.168,0,0,0.009910146,0,0
14,0.168,3,0,0.010102955,0.003262647,0.007065536
14,0.168,4,0,0.010341196,0.004877799,0.009308345
14,0.168,5,0,0.010596533,0.006857975,0.011404667
14,0.168,6,0,0.01102548,0.009117937,0.013479114
14,0.168,7,0,0.011527272,0.011697191,0.015496057
14,0.168,9,0,0.012955842,0.016903046,0.019690877
14,0.21,0,0,0.012937758,0,0
14,0.21,3,0,0.012885687,0.003791296,0.007141429
14,0.21,4,0,0.013130249,0.005659519,0.00946275
14,0.21,5,0,0.013452439,0.007637404,0.011535177
14,0.21,6,0,0.01396642,0.010094764,0.013616756
14,0.21,7,0,0.014623566,0.012676399,0.015682538
14,0.21,9,0,0.016067195,0.018564001,0.019825039
14,0.168,3,10,0.01042572,0.003701627,0.008922773
14,0.168,5,10,0.011089323,0.006798488,0.013757358
15,0.126,0,0,0.007899944,0,0
15,0.126,3,0,0.008124896,0.002113375,0.0059381
15,0.126,4,0,0.00830739,0.003052868,0.007886426
15,0.126,5,0,0.008520148,0.004110664,0.009815988
15,0.126,6,0,0.008794397,0.005326604,0.011733707
15,0.126,7,0,0.009153927,0.006817049,0.013673512
15,0.126,9,0,0.010028988,0.010000464,0.017689932
15,0.168,0,0,0.00927731,0,0
15,0.168,3,0,0.009582626,0.002707037,0.006032799
15,0.168,4,0,0.009835344,0.003881502,0.007982201
15,0.168,5,0,0.009930912,0.005065616,0.009918602
15,0.168,6,0,0.010209191,0.006294771,0.011863646
15,0.168,7,0,0.010685385,0.007785465,0.013804348
15,0.168,9,0,0.011657104,0.010974756,0.017851722
15,0.21,0,0,0.012555541,0,0
15,0.21,3,0,0.012559054,0.003138705,0.006082063
15,0.21,4,0,0.012854521,0.004360966,0.008048475
15,0.21,5,0,0.01323645,0.005772162,0.010045383
15,0.21,6,0,0.013609204,0.007221362,0.012002456
15,0.21,7,0,0.013951676,0.008844159,0.013974302
15,0.21,9,0,0.014890122,0.012587031,0.017997621
15,0.168,3,10,0.009906515,0.003136923,0.007455318
15,0.168,5,10,0.010561992,0.005747143,0.011556267
16,0.126,0,0,0.007919139,0,0
16,0.126,3,0,0.008021387,0.001880846,0.008070528
16,0.126,4,0,0.008121922,0.00328206,0.010537766
16,0.126,5,0,0.008348208,0.00513436,0.012858495
16,0.126,6,0,0.008652395,0.007379869,0.015071009
16,0.126,7,0,0.009223884,0.010260374,0.017225039
16,0.126,9,0,0.010394129,0.015942356,0.021586712
16,0.168,0,0,0.009856629,0,0
16,0.168,3,0,0.009987888,0.002489978,0.008113969
16,0.168,4,0,0.010169347,0.004319869,0.010555818
16,0.168,5,0,0.010468167,0.006510448,0.012809209
16,0.168,6,0,0.010684814,0.009015052,0.014963609
16,0.168,7,0,0.011233696,0.011870146,0.017111382
16,0.168,9,0,0.01283957,0.01836128,0.021438833
16,0.21,0,0,0.015355833,0,0
16,0.21,3,0,0.015654216,0.003018297,0.007942623
16,0.21,4,0,0.015853717,0.004921382,0.010351617
16,0.21,5,0,0.015987884,0.00738652,0.012616701
16,0.21,6,0,0.016545168,0.010018743,0.014684674
16,0.21,7,0,0.016869,0.013396492,0.016633986
16,0.21,9,0,0.018520086,0.020217173,0.020811479
16,0.168,3,10,0.01031701,0.003277603,0.009367896
16,0.168,5,10,0.010746188,0.006402367,0.014479187
16,0.168,3,20,0.011443519,0.005247114,0.010271525
16,0.168,5,20,0.012014326,0.007530201,0.015775485
16,0.168,7,20,0.013011507,0.010476954,0.021292498
17,0.126,0,0,0.007113943,0,0
17,0.126,3,0,0.007288942,0.001209279,0.006842055
17,0.126,4,0,0.007391654,0.001927165,0.009050324
17,0.126,5,0,0.007556964,0.002886413,0.011208635
17,0.126,6,0,0.007779055,0.003932049,0.013332416
17,0.126,7,0,0.008029456,0.005121439,0.015408342
17,0.126,9,0,0.008794945,0.008003911,0.019482571
17,0.168,0,0,0.009158024,0,0
17,0.168,3,0,0.00924509,0.001656497,0.006878791
17,0.168,4,0,0.009378797,0.002545258,0.00905346
17,0.168,5,0,0.009503103,0.003619214,0.011177255
17,0.168,6,0,0.009814419,0.004826571,0.013303187
17,0.168,7,0,0.010129414,0.006237619,0.015385219
17,0.168,9,0,0.011047125,0.009241037,0.019440639
17,0.21,0,0,0.01409451,0,0
17,0.21,3,0,0.013996565,0.001897512,0.006827813
17,0.21,4,0,0.014253158,0.003139585,0.009010273
17,0.21,5,0,0.014551246,0.004127836,0.011124494
17,0.21,6,0,0.01477985,0.005739328,0.013164481
17,0.21,7,0,0.015178865,0.007450704,0.015148041
17,0.21,9,0,0.016109944,0.01068194,0.019022633
17,0.168,3,10,0.009608694,0.002609931,0.007787376
17,0.168,5,10,0.010059702,0.004544822,0.012192214
17,0.168,3,20,0.01094997,0.004095002,0.00847023
17,0.168,5,20,0.011738564,0.006136588,0.013088204
17,0.168,7,20,0.012694212,0.008196467,0.017627212
18,0.126,0,0,0.007428529,0,0
18,0.126,3,0,0.007671519,0.002531919,0.007009768
18,0.126,4,0,0.007819879,0.0037044,0.009286686
18,0.126,5,0,0.00804062,0.00516679,0.011509168
18,0.126,6,0,0.008373257,0.007093342,0.013637785
18,0.126,7,0,0.008798237,0.009354861,0.015745954
18,0.126,9,0,0.00984004,0.013912493,0.020207041
18,0.168,0,0,0.008288041,0,0
18,0.168,3,0,0.008495505,0.002848408,0.007070822
18,0.168,4,0,0.008709876,0.004201083,0.009374562
18,0.168,5,0,0.008911854,0.005764304,0.011607587
18,0.168,6,0,0.009230332,0.007751524,0.013745611
18,0.168,7,0,0.009702491,0.01014507,0.015878331
18,0.168,9,0,0.010954477,0.014961707,0.020359957
18,0.21,0,0,0.010542416,0,0
18,0.21,3,0,0.010597455,0.003399371,0.007273491
18,0.21,4,0,0.010844398,0.004971296,0.009597317
18,0.21,5,0,0.011109827,0.006816329,0.011872712
18,0.21,6,0,0.011464911,0.009069904,0.01404839
18,0.21,7,0,0.011983558,0.011695481,0.016164988
18,0.21,9,0,0.013148113,0.017077989,0.020637425
18,0.168,3,10,0.008858676,0.003651269,0.008544788
18,0.168,5,10,0.009402364,0.006513703,0.013290292
18,0.168,3,20,0.009838319,0.004890122,0.009924774
18,0.168,5,20,0.010613055,0.007929043,0.014874248
18,0.168,7,20,0.011729321,0.011834752,0.019897802
19,0.126,0,0,0.006597771,0,0
19,0.126,3,0,0.006907513,0.003429758,0.006353651
19,0.126,4,0,0.007104238,0.005027292,0.00848113
19,0.126,5,0,0.007397092,0.006983278,0.010599975
19,0.126,6,0,0.007771124,0.009304129,0.012751219
19,0.126,7,0,0.00826989,0.011916388,0.015007507
19,0.126,9,0,0.0096571,0.018118905,0.019955954
19,0.168,0,0,0.007406738,0,0
19,0.168,3,0,0.007678243,0.003743116,0.006446701
19,0.168,4,0,0.007915666,0.005498604,0.00860313
19,0.168,5,0,0.00817532,0.007515654,0.010745283
19,0.168,6,0,0.008555753,0.00986263,0.012926017
19,0.168,7,0,0.009084088,0.012525294,0.015207394
19,0.168,9,0,0.010556245,0.018694795,0.020173955
19,0.21,0,0,0.009287859,0,0
19,0.21,3,0,0.009497376,0.004360007,0.006734878
19,0.21,4,0,0.009757633,0.006314973,0.008956121
19,0.21,5,0,0.01007566,0.008689954,0.011130603
19,0.21,6,0,0.01046626,0.01142764,0.013313341
19,0.21,7,0,0.011067993,0.014367699,0.015576637
19,0.21,9,0,0.012487359,0.020986458,0.020543029
19,0.168,3,10,0.007942852,0.004117489,0.007501813
19,0.168,5,10,0.008528614,0.008337039,0.011913212
19,0.168,3,20,0.008764831,0.004490217,0.008464843
19,0.168,5,20,0.009580642,0.009002832,0.012947078
19,0.168,7,20,0.010833139,0.014622544,0.017770262
20,0.126,0,0,0.007120368,0,0
20,0.126,3,0,0.007207059,0.002210744,0.008674143
20,0.126,4,0,0.007341645,0.003836204,0.011307924
20,0.126,5,0,0.007604195,0.005992407,0.013779135
20,0.126,6,0,0.007974699,0.008602952,0.016140317
20,0.126,7,0,0.008448453,0.011504609,0.018468543
20,0.126,9,0,0.009747499,0.017960727,0.023140901
20,0.168,0,0,0.008915124,0,0
20,0.168,3,0,0.00905629,0.00264544,0.008729971
20,0.168,4,0,0.009214258,0.004549475,0.011330803
20,0.168,5,0,0.009516142,0.006931079,0.013799592
20,0.168,6,0,0.009841802,0.009897206,0.016127363
20,0.168,7,0,0.010345961,0.012912265,0.018411382
20,0.168,9,0,0.012082205,0.020526081,0.022856164
20,0.21,0,0,0.014462425,0,0
20,0.21,3,0,0.014660203,0.00322761,0.008586487
20,0.21,4,0,0.014860875,0.005374374,0.011207827
20,0.21,5,0,0.014877793,0.007958445,0.013465095
20,0.21,6,0,0.015528015,0.011223589,0.015768247
20,0.21,7,0,0.016215706,0.014798408,0.017936888
20,0.21,9,0,0.017925645,0.022587237,0.022396855
20,0.168,3,20,0.010050951,0.00540819,0.009844655
20,0.168,5,20,0.010658494,0.008145957,0.015668954
20,0.168,7,20,0.011646994,0.011749163,0.02106121
21,0.126,0,0,0.006333215,0,0
21,0.126,3,0,0.006422564,0.001286051,0.007468565
21,0.126,4,0,0.006524867,0.002210864,0.009866331
21,0.126,5,0,0.006734472,0.00346415,0.012180852
21,0.126,6,0,0.006964927,0.004870766,0.014441647
21,0.126,7,0,0.007335343,0.006619784,0.016670919
21,0.126,9,0,0.008237867,0.010593498,0.021042974
21,0.168,0,0,0.008157233,0,0
21,0.168,3,0,0.008276813,0.001492504,0.007512181
21,0.168,4,0,0.008451734,0.002780511,0.009950967
21,0.168,5,0,0.008670892,0.00398526,0.012263043
21,0.168,6,0,0.00890426,0.005790185,0.014445423
21,0.168,7,0,0.009281025,0.007871482,0.016640094
21,0.168,9,0,0.01032667,0.011868516,0.020962275
21,0.21,0,0,0.012584694,0,0
21,0.21,3,0,0.012807595,0.001823007,0.007534149
21,0.21,4,0,0.012999634,0.003194509,0.009895783
21,0.21,5,0,0.013323849,0.004640988,0.012116085
21,0.21,6,0,0.013595032,0.006430639,0.014256986
21,0.21,7,0,0.013903698,0.008785755,0.016324231
21,0.21,9,0,0.014928302,0.013358745,0.020554997
21,0.168,3,10,0.008529231,0.002465696,0.00809493
21,0.168,5,10,0.009040782,0.004846182,0.012848041
21,0.168,5,20,0.010201713,0.005816061,0.013266437
21,0.168,7,20,0.011305905,0.009092267,0.017929429
22,0.126,0,0,0.006630676,0,0
22,0.126,3,0,0.006871471,0.002828398,0.007558458
22,0.126,4,0,0.007061033,0.004167211,0.010016836
22,0.126,5,0,0.007315903,0.005871094,0.012409553
22,0.126,6,0,0.007659173,0.008017649,0.014721996
22,0.126,7,0,0.008078185,0.010445587,0.017046063
22,0.126,9,0,0.009133828,0.015495073,0.021987088
22,0.168,0,0,0.007365843,0,0
22,0.168,3,0,0.007614461,0.003102193,0.007631077
22,0.168,4,0,0.007835387,0.00461444,0.010110623
22,0.168,5,0,0.008053105,0.006417724,0.012511507
22,0.168,6,0,0.008386222,0.008645721,0.014823253
22,0.168,7,0,0.008851875,0.011199936,0.017141734
22,0.168,9,0,0.010130881,0.016530639,0.022098792
22,0.21,0,0,0.009561149,0,0
22,0.21,3,0,0.009534406,0.003609976,0.007818054
22,0.21,4,0,0.009670642,0.005275789,0.010327739
22,0.21,5,0,0.009983599,0.007299807,0.012771729
22,0.21,6,0,0.010400872,0.009804445,0.015095038
22,0.21,7,0,0.010926665,0.012573218,0.017425516
22,0.21,9,0,0.012146412,0.018291508,0.02237861
22,0.168,3,10,0.007860698,0.003978759,0.008659902
22,0.168,5,10,0.008430236,0.007459642,0.013674775
22,0.168,5,20,0.009340339,0.008704024,0.014598327
22,0.168,7,20,0.010462753,0.013735982,0.019649794
23,0.126,0,0,0.005884048,0,0
23,0.126,3,0,0.006204249,0.003986581,0.006854609
23,0.126,4,0,0.006424912,0.006011735,0.009125599
23,0.126,5,0,0.006740579,0.008510258,0.011408296
23,0.126,6,0,0.007179588,0.011397028,0.013777704
23,0.126,7,0,0.007739445,0.01452866,0.016296921
23,0.126,9,0,0.009261914,0.021247913,0.021906357
23,0.168,0,0,0.006618904,0,0
23,0.168,3,0,0.006881889,0.004281988,0.006949631
23,0.168,4,0,0.007133638,0.006439082,0.009245303
23,0.168,5,0,0.007423368,0.009006877,0.011547484
23,0.168,6,0,0.007856641,0.011911339,0.013931971
23,0.168,7,0,0.008433949,0.015062406,0.016471654
23,0.168,9,0,0.010076767,0.022112173,0.022064191
23,0.21,0,0,0.008269425,0,0
23,0.21,3,0,0.008528626,0.004777856,0.007228969
23,0.21,4,0,0.008760576,0.007106424,0.009569284
23,0.21,5,0,0.009157779,0.009989052,0.011900616
23,0.21,6,0,0.009663725,0.01327495,0.014285527
23,0.21,7,0,0.0102795,0.016690815,0.016816249
23,0.21,9,0,0.011862217,0.023949336,0.022372775
23,0.168,3,10,0.007007579,0.004621832,0.00765487
23,0.168,5,10,0.007601175,0.009646544,0.012361596
23,0.168,5,20,0.008251805,0.010109244,0.012952027
23,0.168,7,20,0.009544863,0.016363023,0.018029003
24,0.126,0,0,0.009151189,0,0
24,0.126,3,0,0.009356486,0.002088069,0.007410467
24,0.126,4,0,0.009505781,0.003436154,0.009653431
24,0.126,5,0,0.009719763,0.005136758,0.011747551
24,0.126,6,0,0.010030371,0.007214603,0.013776788
24,0.126,7,0,0.010450299,0.009561121,0.015759712
24,0.126,9,0,0.011504591,0.014041799,0.019835291
24,0.168,0,0,0.011201089,0,0
24,0.168,3,0,0.011445942,0.002754631,0.007363893
24,0.168,4,0,0.011689836,0.004511935,0.009685624
24,0.168,5,0,0.011983053,0.006883104,0.011798177
24,0.168,6,0,0.012139609,0.008811372,0.013683421
24,0.168,7,0,0.012540965,0.011423743,0.015536614
24,0.168,9,0,0.013980214,0.016141374,0.019727522
24,0.21,0,0,0.016778886,0,0
24,0.21,3,0,0.017016506,0.003759719,0.007255741
24,0.21,4,0,0.017409083,0.00516184,0.009539945
24,0.21,5,0,0.017538491,0.007608281,0.011461782
24,0.21,6,0,0.018016025,0.009709256,0.013417929
24,0.21,7,0,0.018748963,0.013049725,0.015414304
24,0.21,9,0,0.020127949,0.017942013,0.019258175
24,0.168,3,10,0.011903134,0.003631261,0.00917003
24,0.168,5,10,0.012429163,0.006423179,0.014051912
25,0.126,0,0,0.008350729,0,0
25,0.126,3,0,0.008498805,0.001468003,0.006194626
25,0.126,4,0,0.008594442,0.002028937,0.008183034
25,0.126,5,0,0.008678438,0.002665572,0.010116124
25,0.126,6,0,0.009009545,0.003501413,0.012069554
25,0.126,7,0,0.009203718,0.004426669,0.013880058
25,0.126,9,0,0.010027607,0.007234925,0.017459715
25,0.168,0,0,0.010477505,0,0
25,0.168,3,0,0.010631354,0.002016937,0.006231979
25,0.168,4,0,0.010958104,0.003210944,0.008320358
25,0.168,5,0,0.010999337,0.003807181,0.010140894
25,0.168,6,0,0.01130869,0.004653568,0.012088688
25,0.168,7,0,0.011603981,0.005640635,0.013906326
25,0.168,9,0,0.012471281,0.008361723,0.017575412
25,0.21,0,0,0.015476796,0,0
25,0.21,3,0,0.015691531,0.002222329,0.00616255
25,0.21,4,0,0.015980825,0.003189796,0.008163415
25,0.21,5,0,0.016027319,0.003994329,0.009986469
25,0.21,6,0,0.016142325,0.005128678,0.011789967
25,0.21,7,0,0.016475161,0.0064755,0.013584982
25,0.21,9,0,0.017705939,0.009321403,0.017200285
25,0.168,3,10,0.011270587,0.002632074,0.007426231
25,0.168,5,10,0.011752931,0.004563332,0.011566439
26,0.126,0,0,0.008551064,0,0
26,0.126,3,0,0.008759645,0.0022433,0.006392044
26,0.126,4,0,0.008911475,0.003227591,0.008464569
26,0.126,5,0,0.009102154,0.004497533,0.010485816
26,0.126,6,0,0.009403792,0.006147891,0.01243288
26,0.126,7,0,0.009784445,0.008137719,0.014318847
26,0.126,9,0,0.01083568,0.012483689,0.018232307
26,0.168,0,0,0.00953931,0,0
26,0.168,3,0,0.009746211,0.002675204,0.006458807
26,0.168,4,0,0.009950772,0.003865527,0.008557432
26,0.168,5,0,0.01011852,0.005235752,0.010591848
26,0.168,6,0,0.010418177,0.006899045,0.012566566
26,0.168,7,0,0.010882588,0.008977817,0.014496165
26,0.168,9,0,0.012160251,0.013469798,0.018462679
26,0.21,0,0,0.011995821,0,0
26,0.21,3,0,0.01215797,0.003274957,0.006652449
26,0.21,4,0,0.012322715,0.004765347,0.008784838
26,0.21,5,0,0.012620304,0.006505578,0.010842314
26,0.21,6,0,0.012978238,0.008447232,0.012866844
26,0.21,7,0,0.013447783,0.010687698,0.014815666
26,0.21,9,0,0.014599011,0.015613207,0.018757972
26,0.168,3,10,0.010337166,0.003652419,0.008481179
26,0.168,5,10,0.010845499,0.006161879,0.012936615
27,0.126,0,0,0.007595917,0,0
27,0.126,3,0,0.007914106,0.002783453,0.005770234
27,0.126,4,0,0.008086679,0.004056725,0.007726521
27,0.126,5,0,0.008363615,0.005575377,0.009684627
27,0.126,6,0,0.008694276,0.007354013,0.011655974
27,0.126,7,0,0.009139005,0.009432959,0.013670471
27,0.126,9,0,0.010288015,0.014425351,0.017957769
27,0.168,0,0,0.008515253,0,0
27,0.168,3,0,0.0087786,0.003156317,0.005859867
27,0.168,4,0,0.00899779,0.004531284,0.007854205
27,0.168,5,0,0.009230105,0.006084328,0.009846457
27,0.168,6,0,0.009557142,0.007869511,0.011859343
27,0.168,7,0,0.010004879,0.009973107,0.013906747
27,0.168,9,0,0.011277572,0.015095897,0.018242803
27,0.21,0,0,0.010639826,0,0
27,0.21,3,0,0.010823383,0.003921095,0.006142615
27,0.21,4,0,0.011009539,0.00565156,0.008189069
27,0.21,5,0,0.011400085,0.00759365,0.010243252
27,0.21,6,0,0.011801194,0.009746583,0.01229598
27,0.21,7,0,0.012255965,0.0119734,0.014365334
27,0.21,9,0,0.013447447,0.017535812,0.018696952
27,0.168,3,10,0.009227626,0.003807997,0.00741757
27,0.168,5,10,0.009847128,0.007164465,0.011601358
28,0.126,0,0,0.006897972,0,0
28,0.126,3,0,0.007203513,0.00309431,0.007044194
28,0.126,4,0,0.007404651,0.004531778,0.009379466
28,0.126,5,0,0.007663501,0.00623709,0.011671202
28,0.126,6,0,0.008019624,0.008202214,0.013904264
28,0.126,7,0,0.008437149,0.010334629,0.016149815
28,0.126,9,0,0.009637446,0.015350815,0.020875861
28,0.168,0,0,0.007881149,0,0
28,0.168,3,0,0.008140662,0.003462134,0.007097817
28,0.168,4,0,0.008341905,0.005044684,0.009457016
28,0.168,5,0,0.0086215,0.006874881,0.011768209
28,0.168,6,0,0.008995667,0.008943623,0.01401747
28,0.168,7,0,0.009484254,0.011162398,0.01627974
28,0.168,9,0,0.010823526,0.016967131,0.020997203
28,0.21,0,0,0.010111178,0,0
28,0.21,3,0,0.01012636,0.004052645,0.007302269
28,0.21,4,0,0.01034383,0.005836968,0.009696537
28,0.21,5,0,0.010665451,0.007927184,0.012031407
28,0.21,6,0,0.011168587,0.010229946,0.014301172
28,0.21,7,0,0.011729536,0.012650581,0.016541806
28,0.21,9,0,0.013174274,0.01928554,0.021289962
28,0.168,3,10,0.008404828,0.003962006,0.008254802
28,0.168,5,10,0.008992693,0.00754469,0.013091843
28,0.168,5,20,0.009936008,0.008434702,0.014306483
28,0.168,7,20,0.011157866,0.01376149,0.019313448
29,0.126,0,0,0.006864669,0,0
29,0.126,3,0,0.007099041,0.002453189,0.006818384
29,0.126,4,0,0.007262475,0.003701744,0.009029737
29,0.126,5,0,0.007482692,0.005134762,0.011202066
29,0.126,6,0,0.007782437,0.006740507,0.01338384
29,0.126,7,0,0.008161444,0.008420325,0.015607987
29,0.126,9,0,0.009148769,0.012391267,0.020143342
29,0.168,0,0,0.008065758,0,0
29,0.168,3,0,0.008286704,0.002873053,0.006858265
29,0.168,4,0,0.008472844,0.004284981,0.009079598
29,0.168,5,0,0.008737265,0.005877828,0.011272165
29,0.168,6,0,0.00908549,0.007644355,0.013467105
29,0.168,7,0,0.00947787,0.009416547,0.015705622
29,0.168,9,0,0.010571046,0.013353194,0.020289775
29,0.21,0,0,0.010813046,0,0
29,0.21,3,0,0.01089396,0.003299083,0.006967257
29,0.21,4,0,0.011064592,0.004869418,0.009210988
29,0.21,5,0,0.011327074,0.006609823,0.011422394
29,0.21,6,0,0.011899282,0.008568127,0.013651989
29,0.21,7,0,0.012344229,0.010484924,0.015853612
29,0.21,9,0,0.013457423,0.015096747,0.020410308
29,0.168,3,10,0.008566009,0.003378917,0.007979937
29,0.168,5,10,0.009158386,0.006391466,0.012572394
29,0.168,5,20,0.010227583,0.007212961,0.013745832
29,0.168,7,20,0.011324212,0.01150561,0.018530373
30,0.126,0,0,0.006736087,0,0
30,0.126,3,0,0.007045866,0.003020671,0.006758773
30,0.126,4,0,0.007240634,0.004414427,0.008991085
30,0.126,5,0,0.007483974,0.006057965,0.011192233
30,0.126,6,0,0.007804135,0.007987243,0.013383643
30,0.126,7,0,0.008224963,0.010090216,0.015626695
30,0.126,9,0,0.009429586,0.015290758,0.020402779
30,0.168,0,0,0.007749913,0,0
30,0.168,3,0,0.008027101,0.003415436,0.006819024
30,0.168,4,0,0.008207848,0.004935519,0.009075967
30,0.168,5,0,0.008479456,0.006704519,0.011292804
30,0.168,6,0,0.00883495,0.008687176,0.013515166
30,0.168,7,0,0.009306744,0.01082795,0.015788108
30,0.168,9,0,0.010567329,0.016032266,0.020587797
30,0.21,0,0,0.01007715,0,0
30,0.21,3,0,0.010219015,0.003972295,0.007033472
30,0.21,4,0,0.010310072,0.00572641,0.009328379
30,0.21,5,0,0.010617902,0.007705759,0.011566681
30,0.21,6,0,0.011180417,0.009908911,0.013796365
30,0.21,7,0,0.011683097,0.012388803,0.016054832
30,0.21,9,0,0.012960746,0.018196521,0.020856772
30,0.168,3,10,0.00828581,0.003767129,0.007912867
30,0.168,5,10,0.008858656,0.00729648,0.012540226
30,0.168,5,20,0.009884091,0.008154354,0.013637659
30,0.168,7,20,0.011248072,0.013583296,0.018455118
31,0.126,0,0,0.006608092,0,0
31,0.126,3,0,0.006933685,0.003415853,0.006675252
31,0.126,4,0,0.007138372,0.004978576,0.00891682
31,0.126,5,0,0.007420905,0.006889403,0.011124166
31,0.126,6,0,0.007819887,0.009232208,0.01334316
31,0.126,7,0,0.008319396,0.011966851,0.01566891
31,0.126,9,0,0.009742298,0.0184333,0.02079484
31,0.168,0,0,0.007455564,0,0
31,0.168,3,0,0.007726021,0.003812115,0.0067741
31,0.168,4,0,0.00791893,0.005512495,0.009039394
31,0.168,5,0,0.008209124,0.007522907,0.011264815
31,0.168,6,0,0.008623556,0.009952825,0.01350597
31,0.168,7,0,0.009198993,0.012701711,0.015846938
31,0.168,9,0,0.010663845,0.019189895,0.020992658
31,0.21,0,0,0.009156881,0,0
31,0.21,3,0,0.009360314,0.004375496,0.007086549
31,0.21,4,0,0.009584076,0.006302011,0.0094225
31,0.21,5,0,0.009958981,0.00863786,0.011692599
31,0.21,6,0,0.010501613,0.011402052,0.01394065
31,0.21,7,0,0.011167848,0.01463274,0.016259038
31,0.21,9,0,0.0127036,0.021594915,0.021370128
31,0.168,3,10,0.007995423,0.004348967,0.007874547
31,0.168,5,10,0.008611596,0.008690298,0.012483818
31,0.168,5,20,0.009502508,0.009503991,0.01357282
31,0.168,7,20,0.011013392,0.015677537,0.01848287
32,0.126,0,0,0.007070165,0,0
32,0.126,3,0,0.007376135,0.003101771,0.007300934
32,0.126,4,0,0.007582246,0.004587933,0.009725439
32,0.126,5,0,0.00786414,0.00639499,0.012086252
32,0.126,6,0,0.008231579,0.00850502,0.014360574
32,0.126,7,0,0.008697372,0.010956592,0.016553933
32,0.126,9,0,0.009918016,0.015895613,0.021264111
32,0.168,0,0,0.008017735,0,0
32,0.168,3,0,0.008277482,0.0035026,0.007352025
32,0.168,4,0,0.008478471,0.005145114,0.009786765
32,0.168,5,0,0.00878168,0.007091503,0.012167697
32,0.168,6,0,0.009177253,0.009296593,0.014455247
32,0.168,7,0,0.009697751,0.011963061,0.016632831
32,0.168,9,0,0.011036461,0.017202835,0.021382147
32,0.21,0,0,0.010199712,0,0
32,0.21,3,0,0.010196555,0.0040666,0.007554309
32,0.21,4,0,0.010417713,0.005968566,0.01002937
32,0.21,5,0,0.010737871,0.008118282,0.012452941
32,0.21,6,0,0.01125808,0.010622671,0.01473947
32,0.21,7,0,0.011934559,0.014142649,0.016772482
32,0.21,9,0,0.013361459,0.019877581,0.021572154
32,0.168,3,10,0.008547089,0.004038819,0.008602259
32,0.168,5,10,0.009141305,0.007676968,0.013629828
32,0.168,5,20,0.010026946,0.008570331,0.014975549
32,0.168,7,20,0.011200299,0.013593463,0.020223979
33,0.126,0,0,0.007321202,0,0
33,0.126,3,0,0.007510352,0.002292533,0.00759896
33,0.126,4,0,0.007679056,0.003616767,0.009987186
33,0.126,5,0,0.00788802,0.00520743,0.012289079
33,0.126,6,0,0.008240361,0.007339121,0.014477761
33,0.126,7,0,0.008684638,0.009705358,0.016638552
33,0.126,9,0,0.0098122,0.014348756,0.021184313
33,0.168,0,0,0.008524688,0,0
33,0.168,3,0,0.008742804,0.002862285,0.007627147
33,0.168,4,0,0.00892058,0.004402648,0.010073166
33,0.168,5,0,0.009198308,0.006412489,0.012320313
33,0.168,6,0,0.009601583,0.008616569,0.014542375
33,0.168,7,0,0.010053268,0.01137746,0.016668957
33,0.168,9,0,0.011298227,0.015780538,0.021251439
33,0.21,0,0,0.011976806,0,0
33,0.21,3,0,0.012196234,0.003384324,0.00774252
33,0.21,4,0,0.012268535,0.005132724,0.010131926
33,0.21,5,0,0.012597718,0.007239731,0.012417397
33,0.21,6,0,0.013053822,0.009806152,0.014614457
33,0.21,7,0,0.013667778,0.012612589,0.016727813
33,0.21,9,0,0.015142918,0.018006011,0.02123836
33,0.168,3,10,0.008984324,0.003417677,0.008860418
33,0.168,5,10,0.009521527,0.006483432,0.013876101
33,0.168,5,20,0.010739324,0.007497346,0.015334108
33,0.168,7,20,0.011800362,0.011107252,0.020553362
34,0.126,0,0,0.006758735,0,0
34,0.126,3,0,0.006989424,0.002289628,0.006087379
34,0.126,4,0,0.00713982,0.0034405,0.008071568
34,0.126,5,0,0.007389922,0.004894627,0.010051329
34,0.126,6,0,0.007759218,0.006775182,0.012075184
34,0.126,7,0,0.008235414,0.008797855,0.014155235
34,0.126,9,0,0.009394641,0.013406452,0.018495391
34,0.168,0,0,0.007962104,0,0
34,0.168,3,0,0.008094262,0.002676287,0.006132203
34,0.168,4,0,0.008292917,0.004044147,0.008135501
34,0.168,5,0,0.008593048,0.005553887,0.010118845
34,0.168,6,0,0.009025258,0.007546833,0.012167407
34,0.168,7,0,0.009492979,0.009633334,0.014313401
34,0.168,9,0,0.010658472,0.014222224,0.018671373
34,0.21,0,0,0.010493566,0,0
34,0.21,3,0,0.010770701,0.003091171,0.006254344
34,0.21,4,0,0.01096232,0.004548513,0.008286055
34,0.21,5,0,0.011222603,0.006290686,0.010296398
34,0.21,6,0,0.011530942,0.008514807,0.012297698
34,0.21,7,0,0.012064348,0.010806412,0.014479617
34,0.21,9,0,0.013288941,0.016044641,0.018782325
34,0.126,5,10,0.007699173,0.005697508,0.011532051
34,0.168,0,10,0.008068368,0.000429735,0.001095991
34,0.168,3,10,0.008361438,0.003175026,0.007330419
34,0.168,4,10,0.008609752,0.004552037,0.009408946
34,0.168,5,10,0.008968247,0.006335569,0.011496672
34,0.168,6,10,0.009408033,0.00841296,0.013664278
34,0.168,7,10,0.010050978,0.011131722,0.01589641
34,0.168,9,10,0.011346245,0.01626751,0.020375991
34,0.21,5,10,0.011952568,0.006839818,0.011506636
34,0.126,5,20,0.008730482,0.006888753,0.012887809
34,0.168,0,20,0.008745547,0.001158767,0.001864489
34,0.168,3,20,0.009337019,0.003937058,0.008386963
34,0.168,4,20,0.009695833,0.005341431,0.010589601
34,0.168,5,20,0.010129471,0.007122778,0.012789786
34,0.168,6,20,0.010708541,0.009477603,0.015041111
34,0.168,7,20,0.011369122,0.01241357,0.017400409
34,0.168,9,20,0.012964709,0.018911643,0.022248315
34,0.21,5,20,0.013419144,0.007578234,0.01273606
35,0.126,0,0,0.007044986,0,0
35,0.126,3,0,0.007266959,0.002444441,0.006450503
35,0.126,4,0,0.007439216,0.003672737,0.008551667
35,0.126,5,0,0.007694889,0.005128464,0.010617031
35,0.126,6,0,0.008051967,0.006891274,0.012696753
35,0.126,7,0,0.008482936,0.008856836,0.014780426
35,0.126,9,0,0.009608048,0.012772963,0.019174363
35,0.168,0,0,0.008190019,0,0
35,0.168,3,0,0.008397351,0.00286855,0.006496896
35,0.168,4,0,0.008595365,0.004268109,0.008598709
35,0.168,5,0,0.008898148,0.00589936,0.010680918
35,0.168,6,0,0.009282745,0.007686509,0.012782615
35,0.168,7,0,0.009754227,0.00965082,0.014892484
35,0.168,9,0,0.010941357,0.013546506,0.019328729
35,0.21,0,0,0.010948771,0,0
35,0.21,3,0,0.011118913,0.003324913,0.006610378
35,0.21,4,0,0.011290705,0.004853274,0.008729088
35,0.21,5,0,0.011617283,0.006677203,0.010812007
35,0.21,6,0,0.012015245,0.008741085,0.012915427
35,0.21,7,0,0.012605129,0.010866436,0.015069566
35,0.21,9,0,0.013736828,0.015270848,0.019472809
35,0.168,3,10,0.008638783,0.003225613,0.007720731
35,0.168,5,10,0.009307079,0.006320739,0.012128595
35,0.168,5,20,0.010496289,0.007151822,0.013426756
35,0.168,7,20,0.011845993,0.01188019,0.018205983
36,0.126,0,0,0.00684393,0,0
36,0.126,3,0,0.007086458,0.002580201,0.005387986
36,0.126,4,0,0.007314675,0.003910446,0.007200347
36,0.126,5,0,0.007591238,0.005441985,0.009036928
36,0.126,6,0,0.007923552,0.007197411,0.010861833
36,0.126,7,0,0.008382815,0.009160112,0.012739485
36,0.126,9,0,0.009456392,0.013542363,0.016726671
36,0.168,0,0,0.008216172,0,0
36,0.168,3,0,0.008404071,0.00297045,0.005450105
36,0.168,4,0,0.008660666,0.004315986,0.007266265
36,0.168,5,0,0.008984731,0.00602194,0.009127308
36,0.168,6,0,0.009369586,0.00780774,0.011009921
36,0.168,7,0,0.009814424,0.009709634,0.012880765
36,0.168,9,0,0.010845128,0.013999428,0.016919258
36,0.21,0,0,0.011042163,0,0
36,0.21,3,0,0.011270885,0.003293354,0.005530471
36,0.21,4,0,0.011549952,0.004838978,0.007374349
36,0.21,5,0,0.011899183,0.006589926,0.009244106
36,0.21,6,0,0.012323187,0.008681119,0.01115353
36,0.21,7,0,0.012681461,0.010735181,0.013051624
36,0.21,9,0,0.01372391,0.015656859,0.017097674
36,0.168,3,10,-0.067262377,-1.331135468,-0.085525476
36,0.168,5,10,-0.114910659,-1.324369832,-0.083465202
36,0.168,5,20,0.01148363,0.007375234,0.011416169
36,0.168,7,20,0.01254017,0.012013884,0.015613369
37,0.126,0,0,0.006565031,0,0
37,0.126,3,0,0.006844927,0.002922102,0.007183948
37,0.126,4,0,0.007027419,0.004299785,0.009528317
37,0.126,5,0,0.00730005,0.00599176,0.011841305
37,0.126,6,0,0.007646879,0.00778544,0.014208882
37,0.126,7,0,0.008152632,0.01011517,0.016521405
37,0.126,9,0,0.0092874,0.014620884,0.021222073
37,0.168,0,0,0.007613819,0,0
37,0.168,3,0,0.007878456,0.003313454,0.007226829
37,0.168,4,0,0.008049924,0.004801672,0.009574153
37,0.168,5,0,0.008336834,0.006672709,0.011888647
37,0.168,6,0,0.008762441,0.008748125,0.014223742
37,0.168,7,0,0.009274065,0.01099627,0.016607111
37,0.168,9,0,0.010449833,0.015523977,0.021353363
37,0.21,0,0,0.010162155,0,0
37,0.21,3,0,0.010296529,0.003690341,0.007313304
37,0.21,4,0,0.010506568,0.005444791,0.009728402
37,0.21,5,0,0.010770371,0.007354272,0.012032905
37,0.21,6,0,0.011256977,0.00979183,0.01433399
37,0.21,7,0,0.011805568,0.012090384,0.016733621
37,0.21,9,0,0.013064437,0.017057315,0.021466467
37,0.168,3,10,0.008031575,0.003579184,0.008324807
37,0.168,5,10,0.008665934,0.007284275,0.013113931
37,0.168,5,20,0.009599703,0.007892072,0.014319869
37,0.168,7,20,0.010810422,0.012995906,0.019312077
38,0.126,0,0,0.00614061,0,0
38,0.126,3,0,0.006364823,0.002666491,0.007112971
38,0.126,4,0,0.006549273,0.004012422,0.009445565
38,0.126,5,0,0.006830783,0.005741979,0.011774395
38,0.126,6,0,0.007203995,0.007830832,0.014128827
38,0.126,7,0,0.007668751,0.010056526,0.016521639
38,0.126,9,0,0.008859998,0.014811403,0.021373457
38,0.168,0,0,0.007175975,0,0
38,0.168,3,0,0.007418089,0.003029325,0.007160954
38,0.168,4,0,0.007594813,0.004564478,0.009494224
38,0.168,5,0,0.007930435,0.006390623,0.011847564
38,0.168,6,0,0.008305477,0.008583211,0.014181183
38,0.168,7,0,0.008787831,0.010885638,0.016591086
38,0.168,9,0,0.010059488,0.015725025,0.021484526
38,0.21,0,0,0.009675087,0,0
38,0.21,3,0,0.009809206,0.003449154,0.007253307
38,0.21,4,0,0.010033267,0.005050886,0.009592393
38,0.21,5,0,0.010338004,0.007037849,0.011957475
38,0.21,6,0,0.010809459,0.009494572,0.014347604
38,0.21,7,0,0.01142838,0.012045773,0.016738724
38,0.21,9,0,0.012677276,0.017365961,0.021662261
38,0.168,3,10,0.007622424,0.003498633,0.008175048
38,0.168,5,10,0.008263581,0.007173175,0.012919183
38,0.168,5,20,0.009218657,0.007743314,0.013864505
38,0.168,7,20,0.010495326,0.013660643,0.018871634
39,0.126,0,0,0.005860013,0,0
39,0.126,3,0,0.006094622,0.003568819,0.007235592
39,0.126,4,0,0.006303746,0.005348613,0.009673656
39,0.126,5,0,0.006568173,0.007399771,0.012073117
39,0.126,6,0,0.006915813,0.009719216,0.014464066
39,0.126,7,0,0.007350064,0.012227523,0.016869104
39,0.126,9,0,0.008609707,0.017947758,0.021823349
39,0.168,0,0,0.006801537,0,0
39,0.168,3,0,0.007019998,0.003884203,0.007256889
39,0.168,4,0,0.007263256,0.005825943,0.009727545
39,0.168,5,0,0.007552165,0.008048453,0.012114484
39,0.168,6,0,0.007953736,0.010415235,0.01452413
39,0.168,7,0,0.008349944,0.012968595,0.016912835
39,0.168,9,0,0.009669136,0.018785343,0.021927185
39,0.21,0,0,0.009181147,0,0
39,0.21,3,0,0.009351427,0.004290448,0.007338115
39,0.21,4,0,0.009623155,0.006240541,0.009799161
39,0.21,5,0,0.009842754,0.008641758,0.012218436
39,0.21,6,0,0.010197098,0.011149736,0.014619704
39,0.21,7,0,0.010697619,0.013847079,0.017066305
39,0.21,9,0,0.012033346,0.020341454,0.021941304
39,0.168,3,10,0.007247524,0.004095727,0.008204136
39,0.168,5,10,0.00788069,0.008690888,0.013097739
39,0.168,5,20,0.00884615,0.009359813,0.013814773
39,0.168,7,20,0.010038572,0.015502565,0.018902607
40,0.126,0,0,0.006284228,0,0
40,0.126,3,0,0.006513501,0.002634084,0.007664555
40,0.126,4,0,0.006688627,0.003954264,0.010143184
40,0.126,5,0,0.006943222,0.005719242,0.012574307
40,0.126,6,0,0.007322673,0.007747145,0.015059646
40,0.126,7,0,0.007869171,0.010638908,0.017541662
40,0.126,9,0,0.009167899,0.016333347,0.022637145
40,0.168,0,0,0.007177177,0,0
40,0.168,3,0,0.007417919,0.003055556,0.007708
40,0.168,4,0,0.007611041,0.004544923,0.010180954
40,0.168,5,0,0.007896372,0.006492166,0.012608323
40,0.168,6,0,0.008306736,0.008650158,0.015105116
40,0.168,7,0,0.008904259,0.01173014,0.017575667
40,0.168,9,0,0.01026649,0.017395407,0.022704728
40,0.21,0,0,0.009495024,0,0
40,0.21,3,0,0.00959362,0.003381254,0.007770292
40,0.21,4,0,0.009793936,0.004984119,0.010285769
40,0.21,5,0,0.010054578,0.007146404,0.012722136
40,0.21,6,0,0.010489063,0.009519828,0.015197368
40,0.21,7,0,0.011078178,0.012751039,0.017742397
40,0.21,9,0,0.012574895,0.019243065,0.02284304
40,0.168,3,10,0.007579349,0.003430765,0.00885481
40,0.168,5,10,0.008162831,0.007064067,0.013900044
41,0.126,0,0,0.006138511,0,0
41,0.126,3,0,0.006408691,0.002639433,0.006640541
41,0.126,4,0,0.00658806,0.004009206,0.008827114
41,0.126,5,0,0.006844027,0.005623418,0.01102868
41,0.126,6,0,0.00717331,0.007468023,0.013243556
41,0.126,7,0,0.007599663,0.009544814,0.015486338
41,0.126,9,0,0.008732641,0.014432037,0.020175709
41,0.168,0,0,0.00719697,0,0
41,0.168,3,0,0.007458028,0.003015449,0.006689541
41,0.168,4,0,0.007660314,0.004486994,0.008885919
41,0.168,5,0,0.007950899,0.006230964,0.011102323
41,0.168,6,0,0.008297178,0.008130603,0.013339628
41,0.168,7,0,0.008743707,0.010242498,0.015594471
41,0.168,9,0,0.009885842,0.015169759,0.020324576
41,0.21,0,0,0.009878384,0,0
41,0.21,3,0,0.009995341,0.003347562,0.006771132
41,0.21,4,0,0.010204123,0.005044033,0.009003673
41,0.21,5,0,0.01048393,0.006997158,0.011245157
41,0.21,6,0,0.010890629,0.009118885,0.013487358
41,0.21,7,0,0.011426202,0.011451797,0.015740123
41,0.21,9,0,0.012545931,0.016809505,0.020469059
41,0.168,3,10,0.00763596,0.003502458,0.007710366
41,0.168,5,10,0.008228887,0.007281943,0.012187328
41,0.168,5,20,0.009294808,0.007874555,0.013064933
41,0.168,7,20,0.01040855,0.013260949,0.01783921
42,0.126,0,0,0.006872768,0,0
42,0.126,3,0,0.007112536,0.002407141,0.006843266
42,0.126,4,0,0.007265884,0.00361493,0.009048493
42,0.126,5,0,0.00750182,0.005091493,0.011216028
42,0.126,6,0,0.007849374,0.006870566,0.013367684
42,0.126,7,0,0.008294954,0.008901025,0.015547114
42,0.126,9,0,0.009424921,0.012938215,0.020112016
42,0.168,0,0,0.00800941,0,0
42,0.168,3,0,0.008250159,0.002846962,0.006880913
42,0.168,4,0,0.008418911,0.00423535,0.009107603
42,0.168,5,0,0.008680765,0.005916531,0.011276872
42,0.168,6,0,0.009014931,0.007776851,0.013402605
42,0.168,7,0,0.009545543,0.009871866,0.015639581
42,0.168,9,0,0.010760602,0.014041529,0.02017973
42,0.21,0,0,0.010729058,0,0
42,0.21,3,0,0.010864937,0.003263797,0.006973968
42,0.21,4,0,0.011054744,0.004778542,0.00919579
42,0.21,5,0,0.011309089,0.006650013,0.011398479
42,0.21,6,0,0.011826416,0.008674995,0.013546147
42,0.21,7,0,0.012403258,0.010978875,0.015791782
42,0.21,9,0,0.013621645,0.015597753,0.020341785
42,0.168,3,10,0.008413208,0.00322218,0.008045069
42,0.168,5,10,0.009014474,0.006423747,0.01261613
42,0.168,5,20,0.010182437,0.007096756,0.01388839
42,0.168,7,20,0.011378122,0.011836483,0.018783223
43,0.126,0,0,0.00652954,0,0
43,0.126,3,0,0.006744362,0.002415609,0.006603842
43,0.126,4,0,0.006910747,0.003636415,0.008753611
43,0.126,5,0,0.007159628,0.005126782,0.010878587
43,0.126,6,0,0.007519609,0.00697897,0.013005232
43,0.126,7,0,0.007956715,0.008983511,0.015198796
43,0.126,9,0,0.009062555,0.013236603,0.019733366
43,0.168,0,0,0.007727765,0,0
43,0.168,3,0,0.007949892,0.002805625,0.006640904
43,0.168,4,0,0.008163831,0.004208937,0.00879918
43,0.168,5,0,0.008416821,0.005919433,0.010922848
43,0.168,6,0,0.00877329,0.007726042,0.01305111
43,0.168,7,0,0.009266981,0.009871612,0.015274673
43,0.168,9,0,0.010403962,0.013927349,0.019858932
43,0.21,0,0,0.010703639,0,0
43,0.21,3,0,0.010729249,0.003152898,0.006702724
43,0.21,4,0,0.010974704,0.004650206,0.008856732
43,0.21,5,0,0.011225426,0.006390462,0.011006059
43,0.21,6,0,0.011678097,0.008499936,0.013138938
43,0.21,7,0,0.012113024,0.010832997,0.015376138
43,0.21,9,0,0.013480748,0.015474229,0.019930465
43,0.168,3,10,0.007853569,0.003192073,0.007624592
43,0.168,5,10,0.008475929,0.006407575,0.012042576
44,0.126,0,0,0.006279606,0,0
44,0.126,3,0,0.006464494,0.00257696,0.0063095
44,0.126,4,0,0.006703136,0.004213165,0.008462571
44,0.126,5,0,0.007000596,0.006298927,0.01061915
44,0.126,6,0,0.00737304,0.008516106,0.012775235
44,0.126,7,0,0.007829676,0.010786417,0.014940929
44,0.126,9,0,0.008954455,0.015449714,0.019513638
44,0.168,0,0,0.007519472,0,0
44,0.168,3,0,0.007679261,0.002909198,0.006338404
44,0.168,4,0,0.007953132,0.004715945,0.0085048
44,0.168,5,0,0.008281956,0.006966825,0.010655778
44,0.168,6,0,0.008658837,0.009111547,0.012835181
44,0.168,7,0,0.009140048,0.011478334,0.015029287
44,0.168,9,0,0.010230959,0.015880859,0.01959589
44,0.21,0,0,0.010332864,0,0
44,0.21,3,0,0.01056227,0.003160596,0.006379334
44,0.21,4,0,0.010833279,0.005121007,0.008604132
44,0.21,5,0,0.011160841,0.007497992,0.010765497
44,0.21,6,0,0.011573363,0.009907294,0.012931143
44,0.21,7,0,0.011966359,0.01241671,0.015145014
44,0.21,9,0,0.013045346,0.017348992,0.019671178
44,0.168,3,10,0.007978584,0.003387891,0.007384116
44,0.168,5,10,0.008663124,0.007317759,0.011736808
44,0.168,5,20,0.009858434,0.008150292,0.012616241
44,0.168,7,20,0.011103072,0.013508254,0.017338089
45,0.126,0,0,0.007888869,0,0
45,0.126,3,0,0.008270733,0.00296301,0.006675105
45,0.126,4,0,0.008517205,0.004246904,0.008980705
45,0.126,5,0,0.008819678,0.005641163,0.011315844
45,0.126,6,0,0.009180046,0.007216473,0.01363161
45,0.126,7,0,0.009650485,0.009110362,0.015921074
45,0.126,9,0,0.010950792,0.014101382,0.020622304
45,0.168,0,0,0.008767028,0,0
45,0.168,3,0,0.009115163,0.003294024,0.006757886
45,0.168,4,0,0.009398219,0.004696832,0.009108809
45,0.168,5,0,0.009652071,0.006130404,0.011474309
45,0.168,6,0,0.009979435,0.007698627,0.01381318
45,0.168,7,0,0.010475253,0.009596635,0.016127546
45,0.168,9,0,0.011881028,0.014614648,0.02081955
45,0.21,0,0,0.010859505,0,0
45,0.21,3,0,0.011221632,0.00409403,0.007021411
45,0.21,4,0,0.011357156,0.005833165,0.009412257
45,0.21,5,0,0.011649481,0.007655903,0.011823345
45,0.21,6,0,0.012085356,0.009517172,0.014189598
45,0.21,7,0,0.012607627,0.011679289,0.016517934
45,0.21,9,0,0.013964381,0.016872365,0.021199692
45,0.126,0,10,0.008435214,0.00097477,0.002101635
45,0.126,3,10,0.008982662,0.004361355,0.00895553
45,0.126,4,10,0.009334388,0.005977349,0.011342922
45,0.126,5,10,0.009789691,0.007789064,0.013776984
45,0.126,6,10,0.010322593,0.009802456,0.016264648
45,0.126,7,10,0.010932148,0.012084947,0.018772928
45,0.126,9,10,0.012625942,0.017931746,0.023969038
45,0.168,0,10,0.009479283,0.000884265,0.00206965
45,0.168,3,10,0.009925391,0.004531555,0.008962607
45,0.168,4,10,0.010280493,0.006230426,0.0113664
45,0.168,5,10,0.010721238,0.008013328,0.013818059
45,0.168,6,10,0.011257144,0.009967867,0.016315544
45,0.168,7,10,0.011877292,0.012169528,0.018807159
45,0.168,9,10,0.013482495,0.017733652,0.023979889
45,0.21,0,10,0.01154702,0.000812176,0.002012229
45,0.21,3,10,0.011987029,0.005204085,0.009204121
45,0.21,4,10,0.012328037,0.007313179,0.011662662
45,0.21,5,10,0.012820722,0.009500141,0.014150771
45,0.21,6,10,0.013372525,0.011815372,0.016645884
45,0.21,7,10,0.01402398,0.014258428,0.0191379
45,0.21,9,10,0.015564115,0.019960939,0.024233258
45,0.126,3,20,0.010902844,0.006811234,0.010825274
45,0.126,5,20,0.012130619,0.011501543,0.015829601
45,0.168,0,20,0.010872458,0.002366201,0.003525583
45,0.168,3,20,0.011705545,0.006482985,0.010795554
45,0.168,4,20,0.012213763,0.008558666,0.013297425
45,0.168,5,20,0.012944625,0.011012871,0.015808806
45,0.168,6,20,0.01377528,0.013860816,0.018346403
45,0.168,7,20,0.014675496,0.017054634,0.020946539
45,0.168,9,20,0.016301928,0.023380687,0.026419455
45,0.21,3,20,0.01402658,0.007462902,0.010976785
45,0.21,5,20,0.015353482,0.012727115,0.016119277
45,0.21,7,20,0.016279912,0.018904135,0.021466107
46,0.126,0,0,0.008120514,0,0
46,0.126,3,0,0.008423602,0.002570445,0.006918252
46,0.126,4,0,0.008629495,0.003725506,0.009259756
46,0.126,5,0,0.008911993,0.005049564,0.011586327
46,0.126,6,0,0.009263609,0.006540445,0.013904112
46,0.126,7,0,0.009670557,0.008122967,0.016181406
46,0.126,9,0,0.010905409,0.012246585,0.020640189
46,0.168,0,0,0.009071484,0,0
46,0.168,3,0,0.00934325,0.002951709,0.006988954
46,0.168,4,0,0.009547429,0.004238069,0.009359022
46,0.168,5,0,0.009841753,0.005643587,0.011733476
46,0.168,6,0,0.010210598,0.007137194,0.014094508
46,0.168,7,0,0.010643426,0.00871302,0.016399415
46,0.168,9,0,0.011900035,0.012753452,0.020844609
46,0.21,0,0,0.0114878,0,0
46,0.21,3,0,0.011772428,0.003620623,0.007186969
46,0.21,4,0,0.011833637,0.005224862,0.009595007
46,0.21,5,0,0.012222142,0.006905021,0.011991233
46,0.21,6,0,0.012571943,0.008705616,0.014391704
46,0.21,7,0,0.013065274,0.010498152,0.01670543
46,0.21,9,0,0.014354857,0.015172231,0.021165429
46,0.168,3,10,0.010102509,0.004102494,0.009250947
46,0.168,5,10,0.010829927,0.007022848,0.014213407
46,0.168,5,20,0.013227326,0.00982172,0.016429591
46,0.168,7,20,0.014617211,0.014378713,0.021795109
47,0.126,0,0,0.007648656,0,0
47,0.126,3,0,0.00815414,0.003650268,0.006526589
47,0.126,4,0,0.008476482,0.005198764,0.008822376
47,0.126,5,0,0.008858797,0.006858587,0.011159357
47,0.126,6,0,0.009347673,0.00882971,0.013543147
47,0.126,7,0,0.009947707,0.011147884,0.015960968
47,0.126,9,0,0.01118967,0.017676467,0.021094965
47,0.168,0,0,0.008266627,0,0
47,0.168,3,0,0.008817787,0.004130165,0.006702915
47,0.168,4,0,0.00914682,0.005751082,0.009031892
47,0.168,5,0,0.009482533,0.007423546,0.011406925
47,0.168,6,0,0.009972043,0.009274241,0.013831659
47,0.168,7,0,0.010570773,0.011552051,0.016268017
47,0.168,9,0,0.012313388,0.017977748,0.021338435
47,0.21,0,0,0.009149417,0,0
47,0.21,3,0,0.009832215,0.004561935,0.006988269
47,0.21,4,0,0.010257015,0.006499893,0.009431828
47,0.21,5,0,0.010733454,0.008677223,0.011852397
47,0.21,6,0,0.011233432,0.01102845,0.014317627
47,0.21,7,0,0.011887472,0.01367481,0.01679989
47,0.21,9,0,0.013689359,0.020246756,0.021803091
47,0.168,3,10,0.009329837,0.004734059,0.008958237
47,0.168,5,10,0.010268928,0.009039658,0.013777082
48,0.126,0,0,0.008164481,0,0
48,0.126,3,0,0.00843738,0.002672464,0.006911015
48,0.126,4,0,0.008642038,0.003820338,0.009241434
48,0.126,5,0,0.008909022,0.005070119,0.011575819
48,0.126,6,0,0.009253994,0.006473104,0.013880228
48,0.126,7,0,0.009657368,0.008056845,0.016149339
48,0.126,9,0,0.010867609,0.012094052,0.020561771
48,0.168,0,0,0.009149897,0,0
48,0.168,3,0,0.009361007,0.002999744,0.006976237
48,0.168,4,0,0.009547743,0.004252344,0.009343342
48,0.168,5,0,0.009818335,0.005571168,0.011726769
48,0.168,6,0,0.010140436,0.007019444,0.014077457
48,0.168,7,0,0.010558785,0.008551709,0.016380564
48,0.168,9,0,0.011919008,0.012641841,0.020830999
48,0.21,0,0,0.011405889,0,0
48,0.21,3,0,0.011648841,0.003659986,0.007189399
48,0.21,4,0,0.011675411,0.005230447,0.009612136
48,0.21,5,0,0.011993494,0.006865981,0.012034828
48,0.21,6,0,0.012306111,0.008655446,0.014414601
48,0.21,7,0,0.012823368,0.010478596,0.016746433
48,0.21,9,0,0.014143498,0.014885207,0.021172284
48,0.168,3,10,0.010094724,0.004166238,0.009611079
48,0.168,5,10,0.010694839,0.007084806,0.014548027
48,0.168,5,20,0.012680837,0.010080868,0.017088854
48,0.168,7,20,0.014178415,0.015348636,0.022251337
49,0.126,0,0,0.007547017,0,0
49,0.126,3,0,0.007841306,0.002529319,0.006242315
49,0.126,4,0,0.008030125,0.003577927,0.008368657
49,0.126,5,0,0.008278225,0.004723074,0.010496142
49,0.126,6,0,0.008590705,0.006044757,0.012619952
49,0.126,7,0,0.008986603,0.00758064,0.01473702
49,0.126,9,0,0.010094338,0.011765697,0.019175477
49,0.168,0,0,0.008547716,0,0
49,0.168,3,0,0.00879704,0.00278267,0.006332002
49,0.168,4,0,0.00898654,0.00388375,0.008507851
49,0.168,5,0,0.009227164,0.005064307,0.010684561
49,0.168,6,0,0.009533617,0.006402769,0.012846929
49,0.168,7,0,0.009932641,0.007958945,0.014998219
49,0.168,9,0,0.011048313,0.012227693,0.01946979
49,0.21,0,0,0.010716934,0,0
49,0.21,3,0,0.010985896,0.003463363,0.006556143
49,0.21,4,0,0.011143257,0.004867419,0.008784146
49,0.21,5,0,0.011340923,0.006333182,0.011002032
49,0.21,6,0,0.011703134,0.007871305,0.013207853
49,0.21,7,0,0.012150089,0.009604468,0.015378344
49,0.21,9,0,0.013264324,0.014307044,0.01985225
49,0.168,3,10,0.009732153,0.003949633,0.008357722
49,0.168,5,10,0.010520771,0.006643254,0.012824966
49,0.168,5,20,0.01265617,0.00924458,0.014558766
49,0.168,7,20,0.014097014,0.014040186,0.019277597
50,0.126,0,0,0.00772449,0,0
50,0.126,3,0,0.008020644,0.002551049,0.006417596
50,0.126,4,0,0.008209838,0.003592471,0.008597579
50,0.126,5,0,0.008450713,0.004722017,0.010779066
50,0.126,6,0,0.008751499,0.006022768,0.012954002
50,0.126,7,0,0.009140988,0.007465547,0.015100086
50,0.126,9,0,0.010239927,0.011203266,0.019514918
50,0.168,0,0,0.008721567,0,0
50,0.168,3,0,0.008965799,0.002812174,0.00649942
50,0.168,4,0,0.009145458,0.00392156,0.008725905
50,0.168,5,0,0.009400991,0.005088307,0.010960093
50,0.168,6,0,0.009701612,0.006387412,0.013176201
50,0.168,7,0,0.010099052,0.007855281,0.015362531
50,0.168,9,0,0.011229102,0.011660231,0.019800696
50,0.21,0,0,0.010933231,0,0
50,0.21,3,0,0.011178326,0.003510118,0.006723784
50,0.21,4,0,0.011262118,0.004946413,0.009003839
50,0.21,5,0,0.01163502,0.006428728,0.011278753
50,0.21,6,0,0.011890371,0.007951767,0.01352807
50,0.21,7,0,0.012345136,0.009553745,0.015751666
50,0.21,9,0,0.013451247,0.013802593,0.020167447
50,0.168,3,10,0.009809491,0.003959526,0.008711056
50,0.168,5,10,0.010577651,0.006638868,0.013305608
50,0.168,5,20,0.012664478,0.009304772,0.015290561
50,0.168,7,20,0.01423579,0.013998258,0.020155964
51,0.126,0,0,0.006942479,0,0
51,0.126,3,0,0.007193072,0.00225102,0.005415662
51,0.126,4,0,0.007384137,0.003170377,0.007239998
51,0.126,5,0,0.007619834,0.004200161,0.009069583
51,0.126,6,0,0.007909851,0.005369779,0.010886395
51,0.126,7,0,0.008268452,0.006611926,0.012697018
51,0.126,9,0,0.009169537,0.009652514,0.016278716
51,0.168,0,0,0.007862874,0,0
51,0.168,3,0,0.008079563,0.002624914,0.005520952
51,0.168,4,0,0.008259,0.003617634,0.007395572
51,0.168,5,0,0.008506083,0.004666536,0.009284496
51,0.168,6,0,0.00879575,0.005787538,0.011162187
51,0.168,7,0,0.009146652,0.00694373,0.013017056
51,0.168,9,0,0.010024718,0.010027346,0.016600394
51,0.21,0,0,0.009749936,0,0
51,0.21,3,0,0.010033815,0.003282846,0.00578282
51,0.21,4,0,0.01020223,0.004637051,0.007710334
51,0.21,5,0,0.010458206,0.006033711,0.009627844
51,0.21,6,0,0.010766661,0.007385112,0.011544741
51,0.21,7,0,0.011155762,0.008766035,0.013441944
51,0.21,9,0,0.012054238,0.01220947,0.01703838
51,0.168,3,10,0.008388899,0.003375457,0.007921216
51,0.168,5,10,0.008940955,0.005707446,0.011912055
51,0.168,5,20,0.010968171,0.00758705,0.014357321
51,0.168,7,20,0.012074096,0.011457193,0.018783467
52,0.126,0,0,0.00773011,0,0
52,0.126,3,0,0.008125336,0.002963781,0.006562538
52,0.126,4,0,0.008372695,0.004189804,0.00882343
52,0.126,5,0,0.008679,0.005509478,0.011107728
52,0.126,6,0,0.009047582,0.0070179,0.013405064
52,0.126,7,0,0.009528904,0.008804187,0.015696531
52,0.126,9,0,0.010824314,0.013588542,0.020343152
52,0.168,0,0,0.008541375,0,0
52,0.168,3,0,0.008957714,0.003372345,0.006674329
52,0.168,4,0,0.0091679,0.004666348,0.008975795
52,0.168,5,0,0.009442081,0.006027786,0.011302951
52,0.168,6,0,0.009814811,0.007539113,0.013633928
52,0.168,7,0,0.010292268,0.009327075,0.015940085
52,0.168,9,0,0.011542425,0.014325313,0.020527431
52,0.21,0,0,0.009957404,0,0
52,0.21,3,0,0.010522819,0.004040203,0.00699409
52,0.21,4,0,0.010715129,0.005770875,0.009340546
52,0.21,5,0,0.011028543,0.007543096,0.011710377
52,0.21,6,0,0.01140679,0.009291373,0.014073086
52,0.21,7,0,0.011927198,0.011345127,0.016418258
52,0.21,9,0,0.013323299,0.016584843,0.020986052
52,0.168,3,10,0.009682771,0.00453569,0.00898597
52,0.168,5,10,0.010521902,0.007986276,0.013749294
52,0.168,5,20,0.012628799,0.011236614,0.015754499
52,0.168,7,20,0.014377256,0.017767021,0.020662373
53,0.126,0,0,0.00848262,0,0
53,0.126,3,0,0.008742582,0.002724553,0.007326342
53,0.126,4,0,0.008941537,0.003999508,0.009782181
53,0.126,5,0,0.009256173,0.005528174,0.012215358
53,0.126,6,0,0.009627621,0.007308833,0.014588619
53,0.126,7,0,0.010125143,0.00933348,0.01692074
53,0.126,9,0,0.011577366,0.014566216,0.021410264
53,0.168,0,0,0.009443279,0,0
53,0.168,3,0,0.009649393,0.003125063,0.007369626
53,0.168,4,0,0.009856778,0.004559326,0.009850805
53,0.168,5,0,0.010151834,0.006180342,0.01231934
53,0.168,6,0,0.010546178,0.007991826,0.014752563
53,0.168,7,0,0.011073572,0.010084721,0.017125617
53,0.168,9,0,0.012624077,0.015382934,0.021634381
53,0.21,0,0,0.011986983,0,0
53,0.21,3,0,0.012155939,0.003770556,0.007558086
53,0.21,4,0,0.012166726,0.005561648,0.010071264
53,0.21,5,0,0.012496593,0.007490915,0.012576285
53,0.21,6,0,0.012860789,0.009581144,0.015007841
53,0.21,7,0,0.013510003,0.011882684,0.017410334
53,0.21,9,0,0.015205036,0.017512307,0.022018336
53,0.168,3,10,0.010375681,0.004323737,0.009967165
53,0.168,5,10,0.010984363,0.007475534,0.015198573
53,0.168,5,20,0.013202502,0.010434203,0.017812735
53,0.168,7,20,0.014748541,0.015441326,0.023446578
54,0.126,0,0,0.007762127,0,0
54,0.126,3,0,0.008074452,0.002609138,0.006514182
54,0.126,4,0,0.008280127,0.003714314,0.008716021
54,0.126,5,0,0.008554498,0.004947575,0.010919129
54,0.126,6,0,0.008879626,0.006308466,0.013103967
54,0.126,7,0,0.009266613,0.007798835,0.015269139
54,0.126,9,0,0.010383471,0.011538212,0.019708356
54,0.168,0,0,0.00876836,0,0
54,0.168,3,0,0.009065876,0.002939795,0.006590878
54,0.168,4,0,0.009274971,0.00414609,0.008838341
54,0.168,5,0,0.009548383,0.005395831,0.011082443
54,0.168,6,0,0.009877956,0.006746413,0.01331884
54,0.168,7,0,0.010283378,0.008267178,0.015522418
54,0.168,9,0,0.011375518,0.012040591,0.019972507
54,0.21,0,0,0.011162865,0,0
54,0.21,3,0,0.011455355,0.003614237,0.006809635
54,0.21,4,0,0.01164403,0.005109944,0.009093998
54,0.21,5,0,0.011879303,0.006632967,0.011366663
54,0.21,6,0,0.012241791,0.008262916,0.013634032
54,0.21,7,0,0.012755099,0.009946914,0.015860207
54,0.21,9,0,0.013840912,0.014076753,0.02031347
54,0.168,3,10,0.009970285,0.0041495,0.008568935
54,0.168,5,10,0.010738593,0.006940932,0.013216357
54,0.168,5,20,0.013162383,0.009626725,0.014973575
54,0.168,7,20,0.014474188,0.014080714,0.019993213
55,0.126,0,0,0.007966692,0,0
55,0.126,3,0,0.008359974,0.003219576,0.006656484
55,0.126,4,0,0.008646533,0.004601521,0.008951844
55,0.126,5,0,0.009015645,0.006086084,0.011276951
55,0.126,6,0,0.009455209,0.007720302,0.013618263
55,0.126,7,0,0.009970403,0.009485265,0.015972653
55,0.126,9,0,0.011498243,0.014008834,0.020870121
55,0.168,0,0,0.008838932,0,0
55,0.168,3,0,0.009155575,0.003531463,0.006758304
55,0.168,4,0,0.009472925,0.004934575,0.009097952
55,0.168,5,0,0.009786249,0.006400152,0.011467954
55,0.168,6,0,0.010168337,0.007972146,0.013848904
55,0.168,7,0,0.010669883,0.009661657,0.01622229
55,0.168,9,0,0.01226783,0.014355777,0.021111333
55,0.21,0,0,0.010187858,0,0
55,0.21,3,0,0.010685584,0.004247685,0.007052853
55,0.21,4,0,0.011040725,0.006044982,0.009464457
55,0.21,5,0,0.011468288,0.007936785,0.011876854
55,0.21,6,0,0.011903394,0.009825708,0.014303165
55,0.21,7,0,0.012394278,0.011747441,0.016722558
55,0.21,9,0,0.014063809,0.016644579,0.021605449
55,0.168,3,10,0.010029277,0.004797095,0.009349029
55,0.168,5,10,0.010254418,0.005365036,0.009828534
55,0.168,5,20,0.0126567,0.013061457,0.016374047
55,0.168,7,20,0.015012581,0.022205598,0.021023241
56,0.126,0,0,0.007385337,0,0
56,0.126,3,0,0.007760439,0.003001555,0.006096075
56,0.126,4,0,0.007983841,0.004225226,0.008201794
56,0.126,5,0,0.008279907,0.005628464,0.010342396
56,0.126,6,0,0.008669922,0.007349438,0.012504216
56,0.126,7,0,0.009169249,0.009559327,0.014711785
56,0.126,9,0,0.010594598,0.016441709,0.01951093
56,0.168,0,0,0.008145687,0,0
56,0.168,3,0,0.008509529,0.003340415,0.006235897
56,0.168,4,0,0.008721434,0.004614525,0.00838311
56,0.168,5,0,0.009015072,0.006054174,0.010565785
56,0.168,6,0,0.009393952,0.007757298,0.012755057
56,0.168,7,0,0.009902177,0.009997035,0.014982227
56,0.168,9,0,0.011346512,0.016907177,0.019810839
56,0.21,0,0,0.009271403,0,0
56,0.21,3,0,0.009822407,0.003931473,0.006520583
56,0.21,4,0,0.010096718,0.005629641,0.008737512
56,0.21,5,0,0.010444717,0.00743156,0.010968788
56,0.21,6,0,0.010906222,0.009387553,0.013205188
56,0.21,7,0,0.011470028,0.011693846,0.015472083
56,0.21,9,0,0.013041051,0.018845323,0.02034668
56,0.168,3,10,0.009224838,0.003951934,0.0082787
56,0.168,5,10,0.010052794,0.007426451,0.012704252
57,0.126,0,0,0.008302368,0,0
57,0.126,3,0,0.008559134,0.002622629,0.007107195
57,0.126,4,0,0.008769869,0.003824369,0.009499809
57,0.126,5,0,0.009041937,0.005187505,0.011889302
57,0.126,6,0,0.009411655,0.006811933,0.014239883
57,0.126,7,0,0.00987352,0.008655856,0.016543877
57,0.126,9,0,0.011235831,0.013284932,0.021018552
57,0.168,0,0,0.009272445,0,0
57,0.168,3,0,0.009459735,0.00303392,0.00716192
57,0.168,4,0,0.009652765,0.004384447,0.009587178
57,0.168,5,0,0.009939139,0.005851123,0.012015874
57,0.168,6,0,0.01029899,0.007467183,0.014414617
57,0.168,7,0,0.010775868,0.009302264,0.016757996
57,0.168,9,0,0.012236696,0.013873634,0.021266466
57,0.21,0,0,0.01174324,0,0
57,0.21,3,0,0.01196172,0.003601551,0.007354256
57,0.21,4,0,0.011953103,0.005280316,0.009819986
57,0.21,5,0,0.012262548,0.007095705,0.012289957
57,0.21,6,0,0.012582699,0.009025744,0.014706136
57,0.21,7,0,0.013243492,0.011085959,0.017091527
57,0.21,9,0,0.014717987,0.016079358,0.021638356
57,0.168,3,10,0.010224402,0.004260733,0.009817535
57,0.168,5,10,0.010811515,0.007314115,0.01490268
57,0.168,5,20,0.012961265,0.010350141,0.017453682
57,0.168,7,20,0.014525929,0.015474241,0.022880322
58,0.126,0,0,0.007641792,0,0
58,0.126,3,0,0.007927534,0.002459245,0.006359665
58,0.126,4,0,0.008119582,0.003540635,0.008520022
58,0.126,5,0,0.008389519,0.004749978,0.010688435
58,0.126,6,0,0.008694022,0.00613068,0.012839377
58,0.126,7,0,0.009092916,0.007677108,0.014987229
58,0.126,9,0,0.010189753,0.01158308,0.019412952
58,0.168,0,0,0.008619146,0,0
58,0.168,3,0,0.008867958,0.002752212,0.006435967
58,0.168,4,0,0.009084732,0.003894374,0.008640695
58,0.168,5,0,0.009334956,0.00511136,0.010862415
58,0.168,6,0,0.009651205,0.006521228,0.013056951
58,0.168,7,0,0.010046031,0.008025042,0.01522926
58,0.168,9,0,0.011136265,0.012090389,0.019690699
58,0.21,0,0,0.011063728,0,0
58,0.21,3,0,0.011231751,0.003431277,0.006638687
58,0.21,4,0,0.011515647,0.004840907,0.008896258
58,0.21,5,0,0.011674257,0.006396166,0.011165284
58,0.21,6,0,0.011958601,0.007974766,0.013394001
58,0.21,7,0,0.012493047,0.009772926,0.015589231
58,0.21,9,0,0.01360787,0.014254088,0.020056632
58,0.168,3,10,0.009807303,0.004064646,0.008466432
58,0.168,5,10,0.010604773,0.006814935,0.013024116
58,0.168,5,20,0.012886451,0.009394292,0.014796507
58,0.168,7,20,0.014182184,0.014031884,0.019665891
59,0.126,0,0,0.008176882,0,0
59,0.126,3,0,0.008454757,0.002590858,0.006965428
59,0.126,4,0,0.008660425,0.003718141,0.009308242
59,0.126,5,0,0.008935339,0.005000131,0.011648018
59,0.126,6,0,0.0092631,0.006466606,0.013963152
59,0.126,7,0,0.009685401,0.008053522,0.016254748
59,0.126,9,0,0.010898685,0.012125191,0.020696891
59,0.168,0,0,0.009146126,0,0
59,0.168,3,0,0.009378621,0.003006469,0.007030395
59,0.168,4,0,0.009573501,0.004232226,0.00940822
59,0.168,5,0,0.009844953,0.005554775,0.011789
59,0.168,6,0,0.010195148,0.006997997,0.014154727
59,0.168,7,0,0.010601009,0.008570265,0.016462581
59,0.168,9,0,0.011879477,0.012661629,0.020911046
59,0.21,0,0,0.011654288,0,0
59,0.21,3,0,0.011934601,0.003667868,0.007249464
59,0.21,4,0,0.011940273,0.005265888,0.009656848
59,0.21,5,0,0.012292364,0.006855943,0.012059673
59,0.21,6,0,0.012566117,0.008681121,0.01444755
59,0.21,7,0,0.013154752,0.010378909,0.016808149
59,0.21,9,0,0.014367333,0.014932556,0.021219071
59,0.168,3,10,0.009888993,0.003639062,0.009537942
59,0.168,5,10,0.010520206,0.006466973,0.014533094
59,0.168,5,20,0.012904258,0.009813509,0.016975744
59,0.168,7,20,0.014439377,0.014669644,0.022279715
60,0.126,0,0,0.00783812,0,0
60,0.126,3,0,0.008116998,0.00250864,0.00656422
60,0.126,4,0,0.008332613,0.003596453,0.00879373
60,0.126,5,0,0.008586848,0.004819293,0.011020337
60,0.126,6,0,0.008900384,0.006208194,0.013233382
60,0.126,7,0,0.009308143,0.007708605,0.01543648
60,0.126,9,0,0.010437442,0.011440375,0.019875258
60,0.168,0,0,0.008817112,0,0
60,0.168,3,0,0.009067167,0.002841611,0.006640056
60,0.168,4,0,0.009264403,0.003998966,0.008912776
60,0.168,5,0,0.009529816,0.005236298,0.011190168
60,0.168,6,0,0.009858388,0.006624969,0.013455796
60,0.168,7,0,0.010275742,0.008114812,0.015688815
60,0.168,9,0,0.011390249,0.011830179,0.020159038
60,0.21,0,0,0.011237082,0,0
60,0.21,3,0,0.011449821,0.003487971,0.006840257
60,0.21,4,0,0.011671311,0.004937385,0.009166228
60,0.21,5,0,0.011882305,0.006522314,0.011483781
60,0.21,6,0,0.012211243,0.008113846,0.013771203
60,0.21,7,0,0.012741301,0.009822463,0.016033056
60,0.21,9,0,0.013886437,0.014017127,0.020509956
60,0.168,3,10,0.009896222,0.004051231,0.008841636
60,0.168,5,10,0.010674252,0.006821453,0.013547498
60,0.168,5,20,0.012912987,0.009443135,0.015561066
60,0.168,7,20,0.014374881,0.014013043,0.020603707
