run,	sumSy,	100 sections
	,	,	68.309995, 66.929985, 65.549975, 64.169965, 62.789955, 61.409945, 60.029935, 58.649925, 57.269915, 55.889905, 54.509895, 53.129885, 51.749875, 50.369865, 48.989855, 47.609845, 46.229835, 44.849825, 43.469815, 42.089805, 40.709795, 39.329785, 37.949775, 36.569765, 35.189755, 33.809745, 32.429735, 31.049725, 29.669715, 28.289705, 26.909695, 25.529685, 24.149675, 22.769665, 21.389655, 20.009645, 18.629635, 17.249625, 15.869615, 14.489605, 13.109595, 11.729585, 10.349575, 8.969565, 7.589555, 6.209545, 4.829535, 3.449525, 2.069515, 0.689505, -0.690505, -2.070515, -3.450525, -4.830535, -6.210545, -7.590555, -8.970565, -10.350575, -11.730585, -13.110595, -14.490605, -15.870615, -17.250625, -18.630635, -20.010645, -21.390655, -22.770665, -24.150675, -25.530685, -26.910695, -28.290705, -29.670715, -31.050725, -32.430735, -33.810745, -35.190755, -36.570765, -37.950775, -39.330785, -40.710795, -42.090805, -43.470815, -44.850825, -46.230835, -47.610845, -48.990855, -50.370865, -51.750875, -53.130885, -54.510895, -55.890905, -57.270915, -58.650925, -60.030935, -61.410945, -62.790955, -64.170965, -65.550975, -66.930985, -68.310995


FS_1_126_0, 102.777, -0.473, 3.378, 5.086, 5.735, 5.721, 4.877, 3.997, 3.365, 2.912, 2.426, 2.148, 1.864, 1.587, 1.501, 1.413, 1.237, 1.127, 1.082, 1.125, 1.152, 1.114, 1.136, 1.1, 1.066, 1.032, 1.001, 0.986, 0.998, 0.998, 0.948, 0.923, 0.894, 0.863, 0.838, 0.827, 0.831, 0.797, 0.775, 0.755, 0.736, 0.737, 0.724, 0.704, 0.687, 0.674, 0.661, 0.646, 0.624, 0.6, 0.585, 0.585, 0.601, 0.626, 0.644, 0.639, 0.607, 0.563, 0.528, 0.521, 0.547, 0.593, 0.633, 0.644, 0.618, 0.562, 0.506, 0.477, 0.479, 0.517, 0.573, 0.615, 0.618, 0.597, 0.566, 0.544, 0.511, 0.503, 0.518, 0.521, 0.533, 0.556, 0.581, 0.585, 0.482, 0.383, 0.361, 0.504, 0.746, 0.792, 0.635, 0.536, 0.432, 0.386, 0.402, 0.331, 0.38, 0.344, 0.219, 0.201, 0.407
FS_1_126_3, 1440.668, -8.04, 21.178, 24.862, 24.083, 22.721, 21.919, 21.481, 21.702, 22.287, 22.559, 22.63, 22.273, 21.534, 20.847, 20.25, 19.855, 19.706, 19.711, 19.708, 19.549, 19.225, 18.724, 18.141, 17.514, 16.907, 16.441, 16.134, 15.883, 15.711, 15.487, 15.313, 15.014, 14.698, 14.307, 13.913, 13.542, 13.237, 13.01, 12.875, 12.788, 12.698, 12.643, 12.402, 12.23, 12.033, 11.759, 11.631, 11.543, 11.528, 11.602, 11.692, 11.739, 11.735, 11.655, 11.517, 11.398, 11.323, 11.328, 11.422, 11.559, 11.706, 11.812, 11.857, 11.856, 11.809, 11.76, 11.808, 11.97, 12.23, 12.594, 13.004, 13.418, 13.702, 13.898, 14.015, 13.986, 13.932, 13.842, 13.686, 13.501, 13.18, 12.833, 12.428, 11.964, 11.601, 11.418, 11.611, 11.967, 12.18, 12.329, 12.42, 12.246, 12.246, 12.303, 12.5, 12.696, 12.499, 11.91, 10.606, 8.229
FS_1_126_4, 1924.723, -5.484, 30.742, 33.518, 31.828, 29.922, 28.627, 28.064, 28.418, 29.062, 29.447, 29.549, 29.095, 28.274, 27.474, 26.82, 26.452, 26.41, 26.5, 26.589, 26.427, 26.03, 25.382, 24.623, 23.784, 23.033, 22.402, 21.953, 21.65, 21.321, 21.103, 20.782, 20.458, 19.982, 19.531, 18.974, 18.561, 18.139, 17.898, 17.74, 17.661, 17.591, 17.553, 17.308, 17.093, 16.864, 16.552, 16.404, 16.31, 16.324, 16.446, 16.561, 16.595, 16.552, 16.417, 16.216, 16.048, 15.926, 15.88, 15.931, 16.016, 16.105, 16.157, 16.126, 16.043, 15.923, 15.793, 15.764, 15.869, 16.098, 16.453, 16.884, 17.345, 17.646, 17.843, 17.91, 17.789, 17.673, 17.46, 17.268, 17.01, 16.648, 16.225, 15.749, 15.243, 14.889, 14.733, 14.986, 15.393, 15.64, 15.838, 15.885, 15.67, 15.544, 15.462, 15.552, 15.574, 15.196, 14.292, 12.566, 9.153
FS_1_126_5, 2407.008, -1.964, 40.709, 42.218, 39.833, 37.458, 35.773, 34.903, 35.101, 35.886, 36.369, 36.398, 35.804, 34.861, 33.863, 33.207, 32.951, 32.968, 33.171, 33.338, 33.166, 32.716, 32.004, 31.159, 30.188, 29.371, 28.698, 28.192, 27.92, 27.595, 27.419, 27.098, 26.784, 26.3, 25.846, 25.275, 24.862, 24.41, 24.19, 24.027, 23.993, 23.906, 23.848, 23.597, 23.302, 22.997, 22.615, 22.394, 22.213, 22.133, 22.145, 22.126, 21.997, 21.773, 21.429, 21.001, 20.622, 20.308, 20.08, 19.97, 19.895, 19.817, 19.705, 19.499, 19.235, 18.95, 18.696, 18.564, 18.622, 18.83, 19.189, 19.637, 20.127, 20.444, 20.657, 20.716, 20.576, 20.443, 20.249, 20.032, 19.769, 19.378, 18.906, 18.382, 17.837, 17.508, 17.472, 17.92, 18.481, 18.797, 19.018, 19.047, 18.805, 18.609, 18.397, 18.214, 17.893, 17.211, 15.948, 13.755, 9.264
FS_1_126_6, 2817.218, 2.415, 50.279, 50.747, 47.621, 44.552, 42.502, 41.657, 41.869, 42.708, 43.216, 43.285, 42.709, 41.717, 40.547, 39.683, 39.427, 39.582, 39.834, 40.08, 40.026, 39.618, 38.878, 38.031, 37.089, 36.225, 35.545, 35.066, 34.813, 34.648, 34.522, 34.308, 33.976, 33.526, 32.962, 32.301, 31.672, 31.088, 30.726, 30.429, 30.245, 29.923, 29.584, 29.012, 28.313, 27.607, 26.856, 26.306, 25.828, 25.455, 25.175, 24.881, 24.498, 24.023, 23.442, 22.798, 22.234, 21.781, 21.457, 21.289, 21.17, 21.045, 20.906, 20.688, 20.424, 20.164, 19.953, 19.856, 19.983, 20.275, 20.73, 21.271, 21.81, 22.132, 22.305, 22.276, 22.043, 21.848, 21.613, 21.357, 21.138, 20.815, 20.39, 19.945, 19.552, 19.396, 19.696, 20.481, 21.314, 21.877, 22.2, 22.209, 21.883, 21.548, 21.194, 20.752, 20.11, 19.011, 17.288, 14.753, 9.233
FS_1_126_7, 3141.217, 5.87, 60.001, 59.51, 55.003, 51.143, 48.757, 47.806, 48.187, 49.197, 49.885, 49.959, 49.276, 48.078, 46.744, 45.926, 45.76, 46.007, 46.405, 46.83, 46.883, 46.6, 45.963, 45.126, 44.254, 43.392, 42.727, 42.269, 41.912, 41.707, 41.365, 40.912, 40.192, 39.327, 38.28, 37.204, 36.135, 35.176, 34.36, 33.704, 33.17, 32.555, 31.923, 31.126, 30.189, 29.214, 28.242, 27.483, 26.859, 26.427, 26.123, 25.805, 25.398, 24.891, 24.269, 23.579, 22.965, 22.465, 22.101, 21.922, 21.825, 21.722, 21.584, 21.338, 21.001, 20.646, 20.324, 20.11, 20.074, 20.248, 20.62, 21.135, 21.71, 22.089, 22.318, 22.33, 22.139, 21.962, 21.783, 21.736, 21.768, 21.761, 21.691, 21.655, 21.65, 21.8, 22.392, 23.393, 24.349, 25.05, 25.438, 25.35, 24.803, 24.259, 23.709, 23.042, 22.136, 20.801, 18.915, 17.616, 8.403
FS_1_126_9, 3730.991, 10.379, 76.992, 74.717, 67.775, 62.803, 59.914, 59.199, 60.029, 61.639, 62.483, 62.362, 61.512, 60.257, 58.973, 58.148, 58.074, 58.581, 59.221, 59.794, 59.967, 59.744, 58.966, 57.826, 56.632, 55.45, 54.479, 53.775, 53.244, 52.803, 52.314, 51.426, 50.19, 48.554, 46.799, 44.897, 43.131, 41.509, 40.161, 39.062, 38.135, 37.247, 36.115, 34.867, 33.466, 31.914, 30.505, 29.357, 28.387, 27.65, 27.017, 26.317, 25.525, 24.641, 23.656, 22.66, 21.767, 21.025, 20.492, 20.173, 19.953, 19.721, 19.468, 19.211, 18.988, 18.828, 18.828, 19.055, 19.521, 20.253, 21.226, 22.433, 23.551, 24.434, 25.023, 25.354, 25.513, 25.784, 26.19, 26.728, 27.333, 27.763, 27.922, 27.895, 27.815, 27.934, 28.748, 29.846, 30.786, 31.345, 31.4, 30.809, 29.828, 29.135, 28.695, 28.322, 27.673, 26.535, 24.644, 25.448, 6.356
FS_1_168_0, 195.085, 0.385, 8.347, 10.693, 11.346, 11.076, 9.374, 7.948, 6.502, 5.537, 4.735, 3.58, 2.919, 2.476, 2.208, 2.013, 1.869, 1.863, 1.796, 1.819, 1.849, 1.935, 2.031, 2.081, 1.969, 1.928, 1.919, 1.83, 1.745, 1.703, 1.663, 1.65, 1.598, 1.545, 1.496, 1.472, 1.495, 1.507, 1.532, 1.536, 1.511, 1.498, 1.449, 1.392, 1.335, 1.292, 1.268, 1.252, 1.219, 1.158, 1.085, 1.014, 0.97, 0.974, 1.029, 1.117, 1.21, 1.284, 1.321, 1.32, 1.282, 1.212, 1.117, 1.012, 0.921, 0.861, 0.841, 0.864, 0.905, 0.973, 1.061, 1.152, 1.207, 1.246, 1.253, 1.227, 1.118, 0.991, 0.868, 0.735, 0.673, 0.702, 0.847, 1.101, 1.305, 1.497, 1.581, 1.594, 1.535, 1.31, 0.863, 0.369, -0.052, -0.152, 0.147, 0.553, 1.118, 1.322, 1.082, 0.723, 0.453
FS_1_168_3, 2477.332, -14.262, 39.09, 46.048, 45.565, 43.817, 41.675, 39.429, 37.625, 36.073, 34.971, 34.479, 34.164, 33.891, 33.898, 34.247, 34.682, 34.855, 34.732, 34.645, 34.531, 34.134, 33.417, 32.404, 31.209, 29.928, 28.656, 27.501, 26.431, 25.578, 24.824, 24.395, 24.036, 23.961, 23.971, 24.026, 24.045, 24.017, 23.855, 23.551, 23.095, 22.53, 22.013, 21.235, 20.672, 20.14, 19.544, 19.249, 19.024, 18.919, 18.993, 19.191, 19.486, 19.856, 20.205, 20.483, 20.698, 20.764, 20.674, 20.453, 20.115, 19.746, 19.399, 19.131, 19.003, 19.012, 19.157, 19.524, 20.067, 20.725, 21.509, 22.349, 23.209, 23.846, 24.274, 24.433, 24.162, 23.665, 23.006, 22.239, 21.604, 21.037, 20.798, 20.834, 21.024, 21.322, 21.538, 21.739, 21.749, 21.666, 21.49, 21.051, 20.525, 20.342, 20.457, 20.894, 21.605, 21.869, 21.35, 19.66, 14.888
FS_1_168_4, 3313.21, -10.049, 55.54, 61.822, 59.963, 57.11, 54.029, 50.873, 48.418, 46.676, 45.654, 45.343, 45.013, 44.809, 45.067, 45.669, 46.223, 46.714, 47.028, 47.169, 46.953, 46.31, 45.342, 43.96, 42.287, 40.544, 38.749, 37.137, 35.778, 34.415, 33.529, 32.813, 32.49, 32.282, 32.363, 32.361, 32.523, 32.454, 32.392, 32.149, 31.739, 31.167, 30.606, 29.723, 28.969, 28.298, 27.576, 27.192, 26.901, 26.781, 26.901, 27.18, 27.557, 28.016, 28.433, 28.725, 28.925, 28.939, 28.759, 28.432, 27.961, 27.445, 26.946, 26.493, 26.188, 26.063, 26.098, 26.382, 26.86, 27.455, 28.175, 28.98, 29.866, 30.499, 30.918, 30.984, 30.579, 29.993, 29.109, 28.214, 27.384, 26.716, 26.407, 26.466, 26.844, 27.503, 28.237, 28.896, 29.163, 28.95, 28.424, 27.642, 27.041, 26.675, 26.576, 26.616, 26.682, 26.265, 25.163, 22.919, 16.714
FS_1_168_5, 4138.308, -3.652, 72.245, 77.937, 74.431, 71.101, 66.849, 63.026, 60.034, 57.547, 55.593, 54.781, 54.475, 54.812, 55.373, 56.184, 57.103, 58.001, 58.684, 59.003, 58.7, 57.685, 56.362, 54.718, 52.831, 50.876, 48.92, 47.186, 45.859, 44.492, 43.71, 43.053, 42.8, 42.625, 42.809, 42.904, 43.159, 43.111, 43.1, 42.792, 42.39, 41.701, 41.015, 40.064, 39.16, 38.38, 37.535, 37.017, 36.6, 36.386, 36.427, 36.612, 36.869, 37.167, 37.363, 37.37, 37.257, 36.922, 36.348, 35.618, 34.734, 33.819, 32.96, 32.145, 31.502, 31.094, 30.929, 31.075, 31.543, 32.178, 32.975, 33.877, 34.892, 35.657, 36.229, 36.399, 36.003, 35.36, 34.42, 33.333, 32.337, 31.541, 31.17, 31.234, 31.63, 32.341, 33.188, 34.015, 34.468, 34.382, 33.994, 33.392, 32.845, 32.384, 32.083, 31.853, 31.564, 30.748, 29.129, 25.984, 17.482
FS_1_168_6, 4870.059, 2.399, 89.856, 94.166, 89.569, 84.014, 78.76, 74.165, 70.493, 67.902, 65.842, 64.856, 64.409, 64.615, 65.24, 66.451, 68.033, 69.406, 70.242, 70.676, 70.614, 69.829, 68.596, 66.915, 64.993, 62.809, 60.678, 58.728, 57.138, 55.699, 54.835, 54.371, 54.241, 54.373, 54.633, 54.958, 55.313, 55.409, 55.326, 54.81, 54.038, 52.847, 51.598, 50.098, 48.552, 47.151, 45.699, 44.57, 43.562, 42.816, 42.359, 42.048, 41.807, 41.642, 41.444, 41.1, 40.639, 39.952, 39.036, 38.029, 36.925, 35.821, 34.88, 34.13, 33.674, 33.543, 33.656, 33.97, 34.533, 35.227, 36.098, 37.118, 38.217, 39.009, 39.517, 39.539, 38.957, 38.191, 37.136, 35.905, 34.922, 34.228, 33.968, 34.181, 34.823, 35.868, 37.347, 38.887, 40.146, 40.751, 40.908, 40.683, 40.126, 39.391, 38.416, 37.247, 35.948, 34.284, 31.925, 28.279, 17.338
FS_1_168_7, 5473.144, 8.536, 105.937, 110.415, 103.398, 96.273, 90.532, 85.145, 80.996, 77.971, 75.701, 74.553, 74.168, 74.714, 75.672, 77.099, 78.765, 80.26, 81.299, 81.94, 81.899, 81.183, 80.073, 78.382, 76.479, 74.281, 72.196, 70.44, 68.837, 67.486, 66.326, 65.551, 64.913, 64.553, 64.204, 63.954, 63.602, 63.114, 62.363, 61.372, 60.138, 58.505, 56.684, 54.583, 52.386, 50.333, 48.428, 46.929, 45.608, 44.608, 43.979, 43.61, 43.433, 43.372, 43.269, 42.997, 42.581, 41.927, 40.997, 39.925, 38.722, 37.5, 36.491, 35.741, 35.261, 35.043, 35.004, 35.144, 35.532, 36.246, 37.319, 38.662, 40.051, 40.957, 41.396, 41.239, 40.53, 39.685, 38.748, 38.008, 37.651, 37.658, 38.114, 39.125, 40.543, 42.221, 44.012, 45.572, 46.614, 46.913, 46.653, 45.93, 44.885, 43.784, 42.569, 41.285, 39.915, 38.311, 35.982, 35.681, 13.569
FS_1_168_9, 6616.97, 17.563, 138.489, 140.621, 129.193, 119.105, 111.689, 104.836, 99.688, 95.874, 92.86, 91.343, 91.158, 92.447, 94.459, 96.76, 99.094, 100.906, 102.083, 102.568, 102.35, 101.466, 99.994, 98.156, 96.119, 93.39, 90.491, 88.036, 85.988, 84.351, 83.224, 82.128, 81.196, 80.177, 79.366, 78.415, 77.446, 76.075, 74.343, 72.103, 69.396, 66.562, 63.628, 61.084, 58.869, 56.709, 54.709, 52.741, 50.676, 48.807, 47.108, 45.541, 44.29, 43.337, 42.448, 41.483, 40.371, 39.029, 37.493, 35.904, 34.382, 33.215, 32.916, 33.612, 34.827, 36.122, 37.403, 38.697, 40.079, 41.652, 43.503, 45.768, 47.92, 49.633, 50.746, 51.326, 51.299, 51.038, 50.586, 50.172, 50.235, 50.903, 52.084, 53.683, 55.381, 57.251, 59.284, 61.132, 62.484, 62.658, 61.72, 59.859, 57.594, 55.531, 53.835, 52.537, 51.39, 50.146, 47.701, 49.264, 11.669
FS_1_210_0, 327.754, -0.835, 17.514, 24.104, 22.739, 19.873, 15.707, 13.075, 10.365, 8.232, 8.024, 8.106, 7.212, 6.717, 6.487, 4.98, 3.519, 2.633, 2.445, 1.874, 1.696, 1.467, 1.442, 2.052, 2.581, 2.741, 3.104, 3.324, 3.186, 2.943, 2.721, 2.491, 2.258, 2.114, 2.035, 2.027, 2.082, 2.084, 2.115, 2.114, 2.054, 1.978, 1.863, 1.828, 1.81, 1.761, 1.701, 1.652, 1.59, 1.487, 1.381, 1.304, 1.27, 1.279, 1.321, 1.382, 1.461, 1.546, 1.613, 1.648, 1.664, 1.686, 1.731, 1.789, 1.846, 1.826, 1.751, 1.612, 1.458, 1.364, 1.358, 1.43, 1.531, 1.673, 1.833, 2.022, 2.131, 2.22, 2.248, 2.156, 1.972, 1.69, 1.337, 1.03, 0.683, 0.542, 0.428, 0.394, 0.167, 0.06, 0.472, 1.133, 1.872, 2.504, 3.043, 3.286, 3.211, 2.795, 2.228, 1.457, 0.844
FS_1_210_3, 3909.308, -23.305, 62.605, 74.657, 75.718, 73.42, 70.589, 68.081, 65.177, 62.378, 60.534, 60.236, 60.323, 58.961, 56.229, 53.76, 51.769, 49.952, 48.061, 46.357, 45.241, 44.788, 44.671, 44.666, 44.773, 44.779, 44.653, 44.455, 44.368, 44.552, 44.414, 44.148, 43.598, 43.112, 42.444, 41.64, 40.515, 39.265, 37.904, 36.517, 35.162, 33.797, 32.719, 31.414, 30.616, 29.971, 29.254, 28.966, 28.747, 28.686, 28.866, 29.207, 29.691, 30.352, 31.057, 31.661, 32.199, 32.691, 33.191, 33.616, 33.803, 33.843, 33.715, 33.397, 32.946, 32.331, 31.71, 31.271, 30.977, 30.722, 30.603, 30.76, 31.328, 32.056, 32.938, 33.762, 34.191, 34.409, 34.376, 34.019, 33.642, 33.055, 32.601, 32.256, 32.055, 32.163, 32.674, 33.618, 34.384, 34.745, 35.196, 35.615, 36.24, 36.674, 36.53, 35.884, 34.796, 33.337, 31.506, 28.766, 22.545
FS_1_210_4, 5230.178, -18.649, 87.065, 102.278, 99.427, 95.213, 91.852, 87.032, 82.218, 79.125, 76.346, 74.352, 73.133, 72.668, 72.225, 70.699, 69.191, 67.52, 65.659, 64.195, 63.234, 62.467, 61.926, 61.268, 60.853, 60.683, 60.334, 60.242, 60.206, 59.73, 59.421, 58.933, 58.626, 57.75, 56.86, 55.599, 54.405, 52.744, 51.305, 49.82, 48.275, 46.749, 45.568, 44.061, 42.932, 42.122, 41.457, 41.394, 41.268, 41.106, 41.152, 41.545, 42.225, 43.081, 43.923, 44.7, 45.493, 46.14, 46.564, 46.794, 46.729, 46.442, 46.019, 45.439, 44.824, 44.159, 43.434, 42.722, 42.049, 41.499, 41.264, 41.481, 42.19, 42.899, 43.678, 44.219, 44.372, 44.39, 44.096, 43.682, 43.37, 43.082, 42.976, 43.058, 43.203, 43.589, 44.086, 44.598, 44.826, 44.982, 45.356, 45.746, 46.281, 46.458, 45.971, 45.102, 43.799, 42.005, 39.493, 35.572, 26.534
FS_1_210_5, 6557.47, -14.007, 113.341, 126.242, 124.616, 121.066, 115.933, 109.045, 101.809, 96.628, 93.647, 92.978, 91.797, 90.027, 87.721, 85.196, 83.569, 81.924, 80.635, 79.39, 78.496, 77.903, 77.448, 76.82, 76.421, 76.266, 76.191, 76.001, 76.091, 75.747, 75.932, 75.778, 75.572, 74.923, 74.123, 72.819, 71.826, 70.45, 69.308, 67.863, 66.28, 64.346, 62.646, 60.69, 59.025, 57.653, 56.299, 55.587, 55.361, 55.846, 56.926, 58.016, 58.588, 58.636, 58.451, 58.331, 58.541, 58.792, 58.881, 58.787, 58.314, 57.633, 56.801, 55.718, 54.496, 53.187, 51.925, 50.892, 50.143, 49.586, 49.289, 49.324, 49.715, 49.993, 50.379, 50.636, 50.627, 50.553, 50.306, 50.042, 50.069, 50.187, 50.509, 51.094, 51.941, 53.236, 54.906, 56.534, 57.659, 58.191, 58.081, 57.351, 56.314, 55.199, 54.175, 53.068, 51.319, 48.793, 45.308, 40.228, 28.535
FS_1_210_6, 7757.845, -0.553, 144.882, 151.242, 150.034, 143.174, 134.365, 125.843, 118.512, 112.44, 108.713, 106.555, 104.916, 102.985, 100.752, 98.7, 97.379, 96.514, 95.182, 94.224, 93.692, 93.106, 93.415, 94.45, 95.838, 96.959, 97.239, 97.46, 98.01, 98.386, 98.415, 98.05, 97.679, 97.138, 95.838, 93.805, 91.546, 89.038, 86.826, 84.636, 82.646, 80.261, 78.143, 76.176, 74.485, 72.902, 71.074, 69.402, 67.724, 66.286, 65.253, 64.619, 64.427, 64.731, 65.07, 65.096, 65.091, 65.165, 65.226, 65.234, 64.799, 63.792, 62.406, 60.717, 59.028, 57.607, 56.49, 55.627, 55.114, 54.736, 54.677, 55.118, 56.001, 56.776, 57.459, 57.746, 57.622, 57.377, 57.037, 56.4, 56.402, 56.888, 57.999, 59.57, 61.078, 62.409, 63.693, 64.794, 65.757, 66.188, 66.024, 65.222, 63.901, 62.537, 61.348, 60.057, 58.007, 55.114, 51.112, 45.814, 31.006
FS_1_210_7, 8714.171, 15.581, 165.326, 174.721, 172.805, 164.933, 154.863, 143.743, 134.923, 128.284, 122.667, 120.18, 119.397, 118.492, 116.537, 114.386, 112.709, 111.313, 110.631, 110.422, 110.442, 110.315, 110.882, 112.245, 113.984, 116.063, 120.319, 122.459, 120.185, 117.427, 115.49, 114.723, 114.352, 113.644, 111.819, 109.397, 106.492, 103.204, 99.723, 96.221, 92.927, 89.854, 87.39, 84.946, 82.394, 79.726, 76.909, 74.17, 71.572, 69.803, 69.166, 69.278, 69.514, 69.541, 69.28, 68.877, 68.489, 67.945, 67.241, 66.603, 65.799, 64.825, 63.907, 62.838, 61.489, 59.944, 58.323, 56.83, 55.597, 54.745, 54.45, 54.684, 55.151, 55.611, 56.433, 57.486, 58.423, 59.29, 59.752, 60.004, 60.748, 62.088, 63.726, 65.539, 67.632, 70.616, 73.76, 75.649, 76.122, 75.494, 74.911, 74.468, 73.457, 72.153, 70.495, 68.248, 64.903, 61.032, 56.56, 57.112, 26.95
FS_1_210_9, 10560.454, 30.926, 217.985, 224.467, 214.199, 201.403, 189.401, 176.899, 166.09, 157.695, 150.829, 146.792, 145.76, 145.566, 144.311, 141.91, 140.265, 138.904, 137.602, 136.987, 136.597, 137.126, 138.788, 140.69, 142.35, 142.819, 143.058, 144.822, 146.907, 146.56, 144.354, 141.743, 139.902, 138.66, 138.662, 139.419, 139.634, 137.177, 131.824, 124.576, 116.731, 109.946, 104.69, 100.969, 97.286, 92.574, 87.689, 83.349, 79.249, 75.825, 73.223, 71.684, 71.691, 72.853, 74.577, 76.623, 77.976, 77.815, 76.247, 73.471, 70.041, 67.093, 65.126, 63.855, 62.655, 61.458, 60.871, 60.89, 60.871, 60.957, 61.746, 63.403, 64.87, 65.965, 66.884, 67.744, 68.466, 69.666, 71.352, 72.907, 74.439, 76.698, 80.115, 84.245, 88.404, 92.633, 96.665, 99.399, 99.956, 98.635, 96.846, 94.228, 90.869, 88.049, 85.513, 82.642, 78.974, 75.388, 71.495, 77.878, 22.434
FS_2_126_0, 71.559, 0.537, 2.559, 3.575, 3.985, 3.843, 3.578, 3.062, 2.656, 2.256, 1.87, 1.681, 1.54, 1.351, 1.148, 1.015, 0.978, 0.958, 0.987, 0.992, 0.971, 0.918, 0.868, 0.787, 0.75, 0.693, 0.655, 0.632, 0.646, 0.608, 0.593, 0.58, 0.559, 0.54, 0.512, 0.52, 0.511, 0.483, 0.461, 0.451, 0.441, 0.43, 0.419, 0.416, 0.414, 0.408, 0.399, 0.386, 0.366, 0.347, 0.332, 0.327, 0.335, 0.351, 0.37, 0.378, 0.366, 0.335, 0.295, 0.269, 0.268, 0.294, 0.336, 0.372, 0.388, 0.362, 0.324, 0.284, 0.26, 0.261, 0.285, 0.313, 0.346, 0.35, 0.343, 0.336, 0.296, 0.263, 0.228, 0.229, 0.288, 0.382, 0.436, 0.475, 0.421, 0.293, 0.198, 0.251, 0.477, 0.587, 0.523, 0.452, 0.361, 0.216, 0.189, 0.212, 0.289, 0.255, 0.251, 0.122, 0.049
FS_2_126_3, 1699.879, -6.407, 25.39, 28.312, 27.725, 26.46, 25.238, 24.621, 24.522, 24.747, 24.994, 24.847, 24.445, 23.7, 22.879, 22.163, 21.747, 21.556, 21.586, 21.692, 21.742, 21.6, 21.234, 20.758, 20.16, 19.606, 19.097, 18.749, 18.531, 18.419, 18.364, 18.312, 18.165, 17.941, 17.633, 17.282, 16.942, 16.587, 16.387, 16.254, 16.244, 16.292, 16.287, 16.147, 16.056, 15.794, 15.53, 15.352, 15.213, 15.161, 15.221, 15.325, 15.411, 15.428, 15.349, 15.18, 14.967, 14.782, 14.676, 14.65, 14.736, 14.868, 14.968, 15.03, 14.984, 14.851, 14.699, 14.613, 14.614, 14.769, 15.078, 15.452, 15.843, 16.153, 16.372, 16.451, 16.364, 16.27, 16.017, 15.766, 15.486, 15.209, 14.847, 14.43, 13.95, 13.392, 12.859, 12.548, 12.682, 13.04, 13.316, 13.534, 13.471, 13.068, 12.849, 12.916, 13.148, 13.217, 12.961, 11.95, 10.066
FS_2_126_4, 2250.59, -1.85, 37.327, 39.064, 37.165, 34.9, 33.032, 32.055, 31.886, 32.174, 32.533, 32.443, 31.97, 31.087, 30.1, 29.205, 28.719, 28.581, 28.716, 28.954, 29.174, 29.133, 28.764, 28.221, 27.497, 26.87, 26.273, 25.94, 25.686, 25.643, 25.615, 25.606, 25.469, 25.237, 24.893, 24.493, 24.059, 23.661, 23.355, 23.203, 23.152, 23.184, 23.146, 22.904, 22.697, 22.247, 21.782, 21.415, 21.095, 20.884, 20.815, 20.805, 20.772, 20.653, 20.414, 20.062, 19.659, 19.3, 19.045, 18.894, 18.884, 18.929, 18.939, 18.913, 18.767, 18.539, 18.29, 18.11, 18.049, 18.177, 18.515, 18.929, 19.387, 19.771, 20.036, 20.143, 20.086, 20.012, 19.794, 19.543, 19.261, 18.942, 18.523, 18.038, 17.478, 16.857, 16.262, 15.945, 16.093, 16.472, 16.795, 17.033, 16.991, 16.583, 16.289, 16.217, 16.295, 16.25, 15.804, 14.552, 12.319
FS_2_126_5, 2733.911, 4.142, 48.993, 49.154, 46.152, 42.851, 40.386, 39.139, 38.869, 39.309, 39.778, 39.674, 39.211, 38.278, 37.202, 36.277, 35.763, 35.691, 35.969, 36.345, 36.664, 36.71, 36.411, 35.917, 35.191, 34.558, 33.944, 33.633, 33.331, 33.346, 33.316, 33.315, 33.13, 32.835, 32.328, 31.739, 31.029, 30.406, 29.797, 29.394, 29.093, 28.888, 28.632, 28.143, 27.694, 26.991, 26.281, 25.692, 25.188, 24.826, 24.633, 24.526, 24.401, 24.178, 23.807, 23.304, 22.76, 22.286, 21.947, 21.723, 21.65, 21.633, 21.595, 21.546, 21.373, 21.116, 20.832, 20.602, 20.5, 20.613, 20.984, 21.465, 22.025, 22.496, 22.799, 22.906, 22.83, 22.741, 22.463, 22.227, 21.932, 21.573, 21.096, 20.504, 19.874, 19.236, 18.697, 18.512, 18.835, 19.39, 19.879, 20.19, 20.192, 19.737, 19.354, 19.127, 19.03, 18.757, 18.011, 16.476, 13.941
FS_2_126_6, 3126.368, 11.428, 60.825, 59.073, 54.445, 50.279, 47.338, 45.804, 45.516, 46.169, 46.867, 46.867, 46.303, 45.273, 44.117, 43.108, 42.562, 42.543, 42.899, 43.325, 43.735, 43.858, 43.604, 43.099, 42.303, 41.566, 40.863, 40.508, 40.171, 40.154, 40.084, 39.989, 39.675, 39.173, 38.449, 37.616, 36.608, 35.695, 34.802, 34.177, 33.711, 33.326, 32.898, 32.195, 31.484, 30.53, 29.576, 28.784, 28.129, 27.636, 27.316, 27.086, 26.846, 26.526, 26.062, 25.457, 24.798, 24.206, 23.766, 23.46, 23.326, 23.251, 23.149, 23.013, 22.74, 22.385, 21.986, 21.652, 21.458, 21.501, 21.813, 22.255, 22.784, 23.238, 23.507, 23.548, 23.409, 23.257, 22.956, 22.756, 22.557, 22.397, 22.134, 21.753, 21.382, 20.984, 20.656, 20.699, 21.288, 22.013, 22.696, 23.152, 23.244, 22.754, 22.23, 21.736, 21.396, 20.905, 19.908, 18.271, 15.569
FS_2_126_7, 3477.865, 18.109, 71.513, 68.009, 61.881, 56.867, 53.669, 52.176, 51.924, 52.751, 53.607, 53.729, 53.193, 52.087, 50.823, 49.798, 49.281, 49.326, 49.803, 50.391, 50.921, 51.02, 50.691, 50.104, 49.205, 48.396, 47.578, 47.013, 46.503, 46.269, 46.142, 45.896, 45.488, 44.819, 43.95, 42.919, 41.736, 40.588, 39.536, 38.715, 38.065, 37.506, 36.896, 35.979, 34.985, 33.742, 32.518, 31.458, 30.561, 29.846, 29.341, 28.939, 28.512, 27.98, 27.305, 26.484, 25.603, 24.795, 24.145, 23.667, 23.399, 23.182, 22.935, 22.646, 22.226, 21.748, 21.237, 20.836, 20.654, 20.721, 21.105, 21.684, 22.387, 23.025, 23.436, 23.585, 23.559, 23.512, 23.465, 23.585, 23.745, 23.96, 24.02, 23.909, 23.711, 23.468, 23.306, 23.512, 24.302, 25.151, 25.961, 26.515, 26.58, 25.984, 25.295, 24.697, 24.265, 23.747, 22.716, 21.058, 18.285
FS_2_126_9, 4075.511, 24.481, 88.031, 83.37, 74.734, 68.75, 65.392, 64.068, 64.138, 65.153, 66.043, 66.074, 65.318, 64.033, 62.643, 61.591, 61.13, 61.353, 61.971, 62.715, 63.267, 63.304, 62.858, 62.079, 60.881, 59.718, 58.534, 57.557, 56.783, 56.151, 55.742, 55.048, 54.338, 53.196, 51.84, 50.092, 48.371, 46.535, 44.917, 43.533, 42.421, 41.452, 40.438, 39.056, 37.485, 35.669, 33.776, 32.069, 30.674, 29.584, 28.815, 28.184, 27.519, 26.763, 25.862, 24.837, 23.823, 22.954, 22.323, 21.941, 21.833, 21.871, 21.94, 21.981, 21.925, 21.817, 21.706, 21.72, 21.969, 22.459, 23.318, 24.409, 25.701, 26.894, 27.776, 28.321, 28.64, 28.88, 29.177, 29.6, 30.1, 30.528, 30.792, 30.742, 30.442, 30.034, 29.752, 30.018, 30.958, 32.05, 32.835, 33.107, 32.589, 31.36, 30.082, 29.374, 29.185, 28.964, 28.249, 26.817, 24.212
FS_2_168_0, 139.886, 1.166, 7.108, 8.637, 8.061, 7.591, 7.055, 5.866, 4.762, 3.93, 3.335, 2.926, 2.68, 2.213, 1.985, 1.808, 1.65, 1.557, 1.573, 1.601, 1.601, 1.527, 1.427, 1.312, 1.209, 1.213, 1.246, 1.19, 1.137, 1.066, 1.007, 0.942, 0.917, 0.927, 0.933, 0.934, 0.945, 0.921, 0.916, 0.941, 0.961, 0.956, 0.938, 0.924, 0.911, 0.889, 0.866, 0.836, 0.79, 0.74, 0.691, 0.646, 0.623, 0.611, 0.639, 0.702, 0.794, 0.901, 0.993, 1.043, 1.039, 0.959, 0.818, 0.658, 0.507, 0.383, 0.338, 0.364, 0.446, 0.57, 0.712, 0.835, 0.939, 0.965, 0.941, 0.877, 0.733, 0.574, 0.399, 0.268, 0.223, 0.277, 0.362, 0.599, 0.848, 1.058, 1.19, 1.261, 1.301, 1.029, 0.589, 0.205, -0.028, -0.149, 0.022, 0.19, 0.454, 0.695, 0.854, 0.816, 0.495
FS_2_168_3, 2924.872, -10.39, 45.708, 51.977, 51.445, 49.61, 46.747, 44.514, 42.716, 41.195, 39.981, 38.781, 37.845, 37.332, 37.158, 37.281, 37.458, 37.741, 38.003, 38.152, 38.147, 37.869, 37.319, 36.634, 35.624, 34.533, 33.324, 32.229, 31.237, 30.5, 29.941, 29.468, 29.077, 28.92, 28.969, 29.118, 29.346, 29.461, 29.595, 29.515, 29.342, 29.043, 28.573, 27.902, 27.425, 26.724, 26.078, 25.596, 25.196, 24.957, 24.925, 25.058, 25.318, 25.659, 26.039, 26.393, 26.657, 26.796, 26.788, 26.558, 26.219, 25.767, 25.217, 24.747, 24.364, 24.103, 24.022, 24.168, 24.452, 24.929, 25.603, 26.365, 27.193, 27.937, 28.547, 28.844, 28.752, 28.43, 27.682, 26.799, 25.818, 24.933, 24.101, 23.458, 23.084, 22.988, 23.128, 23.487, 24.013, 24.311, 24.205, 23.792, 23.094, 22.308, 21.779, 21.723, 22.253, 22.844, 22.934, 21.994, 19.382
FS_2_168_4, 3868.554, -3.212, 66.347, 70.754, 68.163, 64.559, 60.972, 58.106, 55.621, 53.497, 51.648, 50.119, 49.191, 48.706, 48.672, 49.051, 49.558, 50.093, 50.576, 50.842, 51.004, 50.881, 50.342, 49.522, 48.322, 47.032, 45.544, 44.365, 43.114, 42.227, 41.409, 40.844, 40.475, 40.413, 40.553, 40.848, 41.164, 41.44, 41.621, 41.673, 41.504, 41.182, 40.605, 39.685, 38.934, 37.873, 36.895, 36.124, 35.444, 34.946, 34.702, 34.624, 34.681, 34.861, 35.101, 35.307, 35.382, 35.301, 35.035, 34.508, 33.865, 33.102, 32.243, 31.49, 30.823, 30.329, 30.074, 30.083, 30.292, 30.755, 31.489, 32.326, 33.266, 34.133, 34.818, 35.153, 35.088, 34.742, 33.955, 32.961, 31.864, 30.833, 29.937, 29.326, 29.026, 29.009, 29.184, 29.583, 30.131, 30.521, 30.591, 30.311, 29.686, 28.847, 28.196, 27.929, 28.012, 28.146, 27.801, 26.486, 23.393
FS_2_168_5, 4694.244, 6.232, 86.85, 89.256, 84.023, 78.552, 73.98, 70.285, 67.19, 64.964, 63.113, 61.363, 60.261, 59.861, 60.065, 60.665, 61.533, 62.551, 63.509, 64.017, 64.115, 63.821, 63.169, 62.296, 61.047, 59.696, 58.106, 56.901, 55.454, 54.538, 53.662, 53.196, 52.883, 52.926, 53.068, 53.334, 53.489, 53.661, 53.569, 53.365, 52.795, 51.957, 50.823, 49.268, 47.91, 46.25, 44.712, 43.45, 42.358, 41.495, 40.919, 40.588, 40.486, 40.575, 40.766, 40.943, 40.98, 40.827, 40.461, 39.787, 38.97, 38.001, 36.909, 35.94, 35.059, 34.383, 34.0, 33.932, 34.127, 34.628, 35.467, 36.423, 37.523, 38.543, 39.345, 39.762, 39.741, 39.436, 38.538, 37.468, 36.229, 35.011, 33.987, 33.294, 33.17, 33.515, 34.124, 34.957, 35.81, 36.354, 36.423, 36.173, 35.65, 34.666, 33.663, 32.906, 32.534, 32.217, 31.432, 29.73, 26.287
FS_2_168_6, 5372.266, 19.734, 106.971, 107.85, 100.339, 93.208, 87.406, 82.579, 78.651, 75.794, 73.673, 71.897, 71.035, 70.863, 71.402, 72.51, 73.706, 74.785, 75.664, 76.129, 76.31, 76.084, 75.408, 74.464, 73.111, 71.62, 69.844, 68.414, 66.816, 65.767, 64.795, 64.178, 63.724, 63.527, 63.405, 63.41, 63.277, 63.175, 62.707, 62.044, 60.959, 59.586, 57.941, 55.873, 54.026, 51.995, 50.088, 48.442, 46.984, 45.759, 44.925, 44.447, 44.238, 44.243, 44.347, 44.411, 44.318, 44.029, 43.518, 42.699, 41.739, 40.629, 39.406, 38.278, 37.199, 36.328, 35.729, 35.45, 35.467, 35.828, 36.557, 37.454, 38.549, 39.642, 40.528, 40.973, 40.968, 40.67, 39.753, 38.712, 37.525, 36.554, 35.851, 35.55, 35.923, 36.786, 37.947, 39.345, 40.781, 41.864, 42.37, 42.243, 41.522, 40.24, 38.951, 37.801, 36.999, 36.325, 35.282, 33.531, 29.913
FS_2_168_7, 6012.608, 31.966, 126.216, 124.24, 114.101, 105.346, 98.975, 93.781, 89.744, 86.587, 84.11, 82.393, 81.681, 81.755, 82.452, 83.743, 85.309, 86.858, 88.06, 88.685, 88.921, 88.629, 87.766, 86.628, 84.948, 83.084, 80.972, 79.229, 77.378, 75.946, 74.782, 73.793, 73.108, 72.645, 72.392, 72.241, 72.006, 71.636, 70.954, 70.001, 68.627, 66.934, 64.973, 62.583, 60.293, 57.797, 55.388, 53.243, 51.382, 49.839, 48.692, 47.841, 47.239, 46.876, 46.619, 46.314, 45.876, 45.281, 44.479, 43.343, 42.023, 40.509, 38.943, 37.53, 36.238, 35.205, 34.462, 34.111, 34.212, 34.792, 35.986, 37.598, 39.486, 41.279, 42.629, 43.278, 43.315, 43.003, 42.288, 41.574, 40.795, 40.279, 40.144, 40.466, 41.339, 42.639, 44.251, 46.004, 47.653, 48.468, 48.408, 47.805, 46.831, 45.599, 44.375, 43.357, 42.654, 42.032, 40.789, 38.73, 34.846
FS_2_168_9, 7060.028, 43.843, 156.282, 153.075, 139.123, 128.621, 120.505, 114.035, 108.91, 104.996, 102.362, 100.776, 100.555, 101.243, 102.287, 103.802, 105.176, 106.451, 107.385, 108.122, 108.447, 108.084, 107.07, 105.662, 103.566, 101.218, 98.588, 96.123, 93.821, 91.549, 89.739, 87.807, 86.49, 85.197, 84.28, 83.142, 82.232, 81.025, 79.645, 77.798, 75.547, 72.958, 70.045, 66.637, 63.116, 59.48, 56.066, 53.118, 50.633, 48.555, 46.983, 45.832, 44.998, 44.458, 44.124, 43.79, 43.328, 42.761, 42.036, 41.054, 40.165, 39.552, 39.084, 38.62, 38.031, 37.454, 37.091, 37.17, 37.774, 38.808, 40.421, 42.363, 44.646, 46.961, 49.24, 51.372, 52.893, 53.812, 54.082, 53.999, 53.64, 53.183, 53.043, 53.367, 54.404, 56.057, 58.042, 60.213, 62.078, 63.262, 63.338, 62.577, 61.151, 58.851, 56.173, 53.905, 52.391, 51.356, 50.305, 48.875, 45.732
FS_2_210_0, 249.455, 2.819, 11.752, 15.681, 14.622, 11.692, 11.08, 12.537, 11.28, 8.457, 7.243, 6.669, 6.304, 5.517, 4.112, 2.83, 2.852, 2.663, 2.449, 2.536, 2.61, 2.298, 2.14, 2.034, 2.074, 2.147, 2.134, 2.147, 2.247, 2.157, 2.11, 2.058, 2.005, 2.02, 1.987, 1.997, 1.898, 1.749, 1.653, 1.626, 1.61, 1.556, 1.455, 1.336, 1.224, 1.139, 1.095, 1.083, 1.087, 1.089, 1.065, 1.015, 0.974, 0.937, 0.945, 0.989, 1.07, 1.174, 1.275, 1.354, 1.379, 1.351, 1.278, 1.213, 1.159, 1.066, 0.999, 0.941, 0.886, 0.817, 0.786, 0.771, 0.814, 0.848, 0.916, 1.035, 1.1, 1.235, 1.347, 1.465, 1.589, 1.623, 1.429, 1.209, 0.857, 0.443, 0.11, 0.029, -0.126, -0.083, 0.118, 0.339, 0.667, 0.86, 1.296, 1.782, 2.04, 2.019, 1.842, 1.59, 0.761
FS_2_210_3, 4614.394, -19.732, 73.35, 85.136, 84.295, 81.865, 79.453, 75.813, 72.066, 69.017, 67.521, 65.951, 64.881, 64.01, 62.899, 61.562, 59.767, 57.728, 56.154, 54.419, 52.659, 51.19, 50.594, 50.692, 50.656, 50.57, 50.293, 50.216, 50.3, 50.68, 51.125, 51.439, 51.43, 51.183, 50.683, 50.064, 49.278, 48.116, 47.006, 45.8, 44.676, 43.617, 42.454, 41.116, 40.27, 39.272, 38.413, 37.875, 37.544, 37.456, 37.505, 37.599, 37.853, 38.309, 38.911, 39.623, 40.399, 41.154, 41.791, 42.106, 42.27, 42.35, 42.282, 42.156, 41.854, 41.348, 40.781, 40.185, 39.539, 39.003, 38.708, 38.561, 38.68, 39.011, 39.543, 40.005, 40.168, 40.295, 39.975, 39.478, 38.809, 38.163, 37.496, 36.994, 36.582, 36.385, 36.513, 37.144, 38.076, 39.058, 39.789, 40.316, 40.478, 40.464, 40.528, 40.291, 39.324, 37.639, 35.388, 32.45, 28.245
FS_2_210_4, 6083.254, -7.501, 106.556, 115.568, 113.249, 106.556, 99.957, 95.401, 90.708, 87.494, 85.205, 83.276, 82.152, 81.469, 80.627, 79.057, 76.725, 74.831, 73.313, 71.732, 70.476, 69.449, 68.62, 68.416, 68.258, 68.144, 68.046, 68.362, 68.494, 69.069, 69.627, 70.051, 70.163, 70.097, 69.757, 69.384, 68.882, 68.062, 66.89, 65.674, 64.22, 62.626, 60.958, 59.18, 58.105, 56.649, 55.361, 54.533, 53.844, 53.353, 53.162, 53.109, 53.164, 53.404, 53.819, 54.301, 54.715, 55.043, 55.332, 55.466, 55.529, 55.388, 54.922, 54.332, 53.563, 52.555, 51.451, 50.344, 49.306, 48.479, 48.017, 47.733, 47.759, 47.982, 48.379, 48.69, 48.78, 48.711, 48.355, 47.914, 47.441, 47.027, 46.622, 46.387, 46.47, 46.724, 47.173, 47.867, 48.681, 49.549, 50.386, 51.02, 50.98, 50.37, 49.521, 48.391, 46.689, 44.713, 42.467, 39.345, 34.601
FS_2_210_5, 7396.233, 5.95, 135.071, 145.936, 139.759, 131.622, 123.596, 116.615, 110.437, 105.843, 102.792, 100.617, 99.808, 99.307, 97.813, 96.23, 94.189, 92.546, 91.075, 89.286, 88.231, 87.602, 87.38, 87.324, 87.076, 87.115, 87.067, 87.781, 88.143, 88.995, 89.753, 90.6, 90.885, 90.857, 90.392, 89.792, 88.752, 87.486, 85.709, 83.861, 81.717, 79.477, 77.163, 74.573, 72.472, 70.113, 68.037, 66.499, 65.334, 64.519, 63.803, 62.943, 62.279, 62.111, 62.22, 62.43, 62.758, 63.175, 63.51, 63.462, 63.304, 63.158, 62.791, 62.197, 61.228, 59.995, 58.705, 57.388, 56.147, 55.162, 54.566, 54.137, 54.057, 54.251, 54.709, 55.179, 55.498, 55.711, 55.357, 54.952, 54.345, 53.822, 53.535, 53.602, 54.036, 54.713, 55.649, 57.184, 58.808, 60.295, 61.372, 61.753, 61.405, 60.324, 58.766, 56.85, 54.567, 52.04, 48.946, 44.849, 38.993
FS_2_210_6, 8468.361, 30.689, 168.896, 173.036, 164.311, 154.105, 144.916, 136.008, 128.619, 123.878, 120.783, 118.693, 117.507, 116.361, 114.442, 112.163, 109.954, 108.429, 107.291, 105.829, 104.761, 104.386, 104.265, 104.508, 104.661, 105.068, 105.274, 106.287, 106.876, 108.009, 108.728, 109.082, 108.995, 108.488, 107.443, 106.175, 104.533, 102.763, 100.276, 97.672, 94.818, 91.893, 89.124, 86.208, 83.805, 80.92, 78.09, 75.642, 73.486, 71.659, 70.242, 69.23, 68.613, 68.47, 68.736, 69.168, 69.522, 69.534, 69.216, 68.623, 68.096, 67.585, 66.875, 66.028, 64.898, 63.653, 62.371, 61.034, 59.611, 58.272, 57.299, 56.632, 56.503, 56.727, 57.098, 57.263, 57.241, 57.091, 56.559, 56.236, 55.867, 55.817, 55.906, 56.359, 57.517, 59.315, 61.517, 63.934, 65.833, 66.91, 67.539, 67.837, 67.978, 67.65, 67.093, 65.94, 63.788, 60.554, 56.298, 51.373, 45.101
FS_2_210_7, 9496.069, 47.896, 200.064, 202.068, 189.118, 176.409, 164.211, 154.059, 145.891, 140.806, 137.879, 135.947, 134.757, 133.494, 131.659, 130.089, 127.949, 126.2, 125.429, 124.403, 123.163, 122.368, 121.519, 121.24, 121.263, 121.778, 122.02, 122.791, 123.692, 125.121, 125.971, 125.574, 124.731, 123.769, 122.684, 121.356, 119.508, 117.218, 114.434, 111.406, 108.251, 104.949, 101.217, 96.712, 92.821, 89.303, 86.664, 84.563, 81.943, 79.067, 76.8, 75.394, 74.747, 74.725, 74.944, 74.859, 74.217, 73.046, 71.646, 70.168, 68.939, 67.788, 66.466, 64.932, 63.075, 61.171, 59.324, 57.741, 56.481, 55.469, 55.097, 55.376, 56.38, 57.455, 57.981, 57.731, 57.311, 57.327, 57.771, 58.944, 60.2, 61.48, 62.762, 64.443, 66.9, 69.68, 72.826, 76.666, 80.209, 82.074, 82.073, 81.069, 79.919, 78.377, 76.137, 72.969, 69.419, 66.021, 62.535, 58.592, 52.992
FS_2_210_9, 11214.775, 70.482, 248.436, 244.347, 226.167, 210.195, 197.099, 185.721, 176.269, 169.692, 165.516, 162.793, 161.432, 159.984, 157.902, 155.881, 153.871, 152.514, 151.443, 149.92, 148.264, 147.258, 147.419, 148.396, 149.0, 149.147, 148.984, 149.224, 149.09, 147.966, 146.909, 145.287, 143.765, 141.569, 139.466, 136.654, 133.545, 129.217, 124.746, 120.748, 117.042, 112.862, 108.023, 102.827, 98.365, 94.277, 90.237, 86.648, 83.466, 80.388, 77.473, 75.039, 73.119, 71.798, 71.197, 71.525, 72.299, 72.8, 72.765, 71.74, 69.938, 68.289, 67.973, 69.185, 71.194, 73.081, 74.43, 75.471, 76.342, 76.494, 76.025, 75.204, 75.326, 76.518, 78.195, 79.438, 80.126, 80.244, 79.85, 79.811, 80.042, 80.424, 81.09, 82.443, 84.955, 88.391, 92.222, 96.08, 98.858, 100.614, 100.887, 99.954, 98.119, 95.146, 92.149, 89.407, 86.814, 84.108, 80.879, 77.142, 71.711
FS_3_126_0, 90.026, -5.801, -0.279, 1.839, 3.328, 3.772, 3.619, 3.273, 2.937, 2.68, 2.179, 1.804, 1.52, 1.388, 1.381, 1.277, 1.165, 1.149, 1.191, 1.219, 1.288, 1.398, 1.364, 1.336, 1.306, 1.199, 1.192, 1.142, 1.147, 1.137, 1.12, 1.061, 1.015, 0.992, 0.99, 0.955, 0.928, 0.908, 0.898, 0.889, 0.877, 0.866, 0.849, 0.829, 0.807, 0.79, 0.777, 0.763, 0.747, 0.733, 0.724, 0.726, 0.736, 0.75, 0.757, 0.75, 0.726, 0.694, 0.664, 0.656, 0.673, 0.708, 0.739, 0.744, 0.716, 0.669, 0.622, 0.6, 0.61, 0.645, 0.688, 0.713, 0.707, 0.696, 0.657, 0.613, 0.607, 0.618, 0.597, 0.628, 0.654, 0.68, 0.686, 0.662, 0.542, 0.402, 0.318, 0.337, 0.431, 0.605, 0.699, 0.588, 0.4, 0.269, 0.197, 0.247, 0.321, 0.325, 0.333, 0.194, 0.759
FS_3_126_3, 1158.235, -14.904, 13.724, 18.611, 18.936, 18.057, 17.469, 17.461, 17.82, 18.791, 19.455, 19.593, 19.245, 18.581, 17.889, 17.347, 17.105, 16.993, 16.879, 16.692, 16.383, 15.948, 15.375, 14.712, 14.096, 13.573, 13.168, 12.933, 12.765, 12.596, 12.38, 12.1, 11.809, 11.465, 11.142, 10.791, 10.495, 10.252, 10.091, 9.973, 9.878, 9.771, 9.693, 9.473, 9.302, 9.125, 8.896, 8.819, 8.775, 8.781, 8.837, 8.883, 8.881, 8.838, 8.739, 8.611, 8.533, 8.525, 8.584, 8.708, 8.843, 8.963, 9.036, 9.06, 9.072, 9.067, 9.073, 9.178, 9.365, 9.627, 9.942, 10.305, 10.674, 10.933, 11.103, 11.24, 11.353, 11.413, 11.417, 11.344, 11.213, 10.985, 10.698, 10.416, 10.09, 9.889, 9.826, 9.968, 10.243, 10.605, 10.803, 10.726, 10.602, 10.793, 10.972, 11.201, 11.258, 11.028, 10.494, 9.171, 8.802
FS_3_126_4, 1577.993, -14.053, 21.605, 26.284, 25.791, 24.337, 23.601, 23.703, 24.317, 25.524, 26.156, 26.081, 25.438, 24.59, 23.852, 23.188, 22.795, 22.666, 22.643, 22.526, 22.274, 21.764, 21.117, 20.27, 19.459, 18.824, 18.249, 17.903, 17.727, 17.434, 17.202, 16.743, 16.386, 15.885, 15.491, 15.006, 14.691, 14.349, 14.163, 13.989, 13.859, 13.726, 13.59, 13.319, 13.077, 12.849, 12.579, 12.478, 12.424, 12.45, 12.542, 12.609, 12.602, 12.544, 12.426, 12.278, 12.189, 12.163, 12.198, 12.309, 12.43, 12.537, 12.593, 12.577, 12.546, 12.501, 12.468, 12.545, 12.73, 13.019, 13.374, 13.8, 14.262, 14.583, 14.769, 14.846, 14.88, 14.85, 14.765, 14.657, 14.444, 14.163, 13.807, 13.44, 13.114, 12.98, 13.028, 13.265, 13.671, 14.172, 14.505, 14.393, 14.196, 14.143, 14.089, 14.098, 13.991, 13.599, 12.797, 11.071, 10.114
FS_3_126_5, 1998.363, -12.639, 29.774, 33.891, 32.639, 30.853, 29.939, 30.09, 30.643, 31.759, 32.397, 32.435, 31.933, 31.143, 30.317, 29.619, 29.298, 29.231, 29.227, 29.151, 28.88, 28.239, 27.513, 26.592, 25.676, 24.858, 24.107, 23.611, 23.281, 22.866, 22.484, 21.987, 21.546, 21.01, 20.508, 19.944, 19.529, 19.125, 18.924, 18.735, 18.607, 18.439, 18.273, 17.994, 17.673, 17.372, 17.043, 16.879, 16.756, 16.703, 16.699, 16.655, 16.52, 16.324, 16.068, 15.786, 15.586, 15.458, 15.382, 15.392, 15.418, 15.427, 15.397, 15.306, 15.21, 15.108, 15.031, 15.057, 15.207, 15.484, 15.853, 16.295, 16.767, 17.086, 17.262, 17.324, 17.35, 17.322, 17.251, 17.168, 17.006, 16.725, 16.383, 16.055, 15.838, 15.923, 16.201, 16.607, 17.185, 17.724, 18.005, 17.807, 17.526, 17.352, 17.09, 16.78, 16.347, 15.591, 14.39, 12.227, 10.557
FS_3_126_6, 2417.882, -10.503, 38.152, 41.365, 39.535, 37.356, 36.245, 36.335, 37.147, 38.592, 39.339, 39.244, 38.539, 37.573, 36.634, 35.897, 35.6, 35.625, 35.682, 35.522, 35.16, 34.421, 33.631, 32.626, 31.699, 30.858, 30.102, 29.685, 29.369, 29.106, 28.703, 28.31, 27.819, 27.319, 26.713, 26.117, 25.584, 25.156, 24.805, 24.512, 24.247, 23.89, 23.517, 23.032, 22.448, 21.881, 21.307, 20.908, 20.61, 20.46, 20.404, 20.31, 20.107, 19.806, 19.4, 18.926, 18.527, 18.227, 18.01, 17.918, 17.852, 17.763, 17.623, 17.412, 17.173, 16.938, 16.772, 16.736, 16.871, 17.171, 17.612, 18.169, 18.751, 19.178, 19.427, 19.538, 19.594, 19.546, 19.491, 19.408, 19.313, 19.111, 18.838, 18.596, 18.466, 18.666, 19.124, 19.709, 20.56, 21.218, 21.495, 21.251, 20.988, 20.788, 20.386, 19.773, 18.972, 17.718, 16.006, 13.489, 10.879
FS_3_126_7, 2746.386, -8.659, 46.494, 48.722, 46.61, 43.868, 42.263, 42.236, 43.349, 45.049, 45.842, 45.593, 44.673, 43.471, 42.368, 41.544, 41.257, 41.265, 41.436, 41.456, 41.142, 40.422, 39.556, 38.399, 37.407, 36.588, 35.886, 35.535, 35.207, 34.96, 34.518, 34.07, 33.421, 32.664, 31.788, 30.927, 30.09, 29.439, 28.844, 28.412, 27.979, 27.435, 26.771, 26.041, 25.258, 24.492, 23.81, 23.322, 22.917, 22.64, 22.432, 22.156, 21.757, 21.248, 20.648, 20.018, 19.489, 19.091, 18.813, 18.687, 18.611, 18.52, 18.399, 18.235, 18.059, 17.915, 17.851, 17.885, 18.035, 18.335, 18.796, 19.408, 20.038, 20.476, 20.746, 20.83, 20.787, 20.636, 20.535, 20.458, 20.435, 20.47, 20.482, 20.548, 20.685, 21.087, 21.721, 22.488, 23.566, 24.284, 24.501, 24.107, 23.617, 23.165, 22.496, 21.656, 20.62, 19.19, 17.345, 16.76, 9.493
FS_3_126_9, 3318.552, -6.411, 60.723, 61.837, 58.11, 54.282, 52.642, 52.895, 54.367, 56.442, 57.647, 57.712, 56.909, 55.71, 54.704, 54.099, 54.01, 54.423, 54.944, 55.166, 54.831, 54.006, 52.884, 51.448, 50.001, 48.555, 47.216, 46.121, 45.196, 44.243, 43.223, 42.139, 40.986, 39.76, 38.52, 37.338, 36.304, 35.358, 34.481, 33.569, 32.619, 31.676, 30.549, 29.388, 28.123, 26.762, 25.663, 24.871, 24.327, 24.056, 23.862, 23.533, 23.023, 22.351, 21.552, 20.757, 20.081, 19.561, 19.189, 18.989, 18.885, 18.795, 18.706, 18.613, 18.512, 18.381, 18.341, 18.402, 18.614, 18.978, 19.606, 20.519, 21.426, 22.155, 22.716, 23.11, 23.434, 23.803, 24.172, 24.701, 25.2, 25.657, 25.955, 26.131, 26.296, 26.615, 27.212, 28.151, 29.464, 30.179, 30.019, 29.069, 27.961, 27.077, 26.286, 25.525, 24.804, 23.671, 22.001, 24.279, 7.804
FS_3_168_0, 168.632, -11.39, -0.821, 3.077, 4.932, 5.507, 6.328, 5.922, 5.658, 5.456, 4.779, 4.479, 4.063, 3.605, 3.263, 3.047, 2.93, 2.931, 2.852, 2.763, 2.632, 2.398, 2.279, 2.133, 2.152, 2.278, 2.334, 2.28, 2.238, 2.2, 2.135, 1.964, 1.793, 1.645, 1.59, 1.582, 1.612, 1.624, 1.606, 1.556, 1.495, 1.443, 1.417, 1.42, 1.437, 1.448, 1.434, 1.384, 1.319, 1.276, 1.258, 1.254, 1.255, 1.264, 1.29, 1.333, 1.376, 1.415, 1.431, 1.426, 1.404, 1.369, 1.29, 1.201, 1.118, 1.058, 1.025, 1.02, 1.037, 1.089, 1.176, 1.272, 1.35, 1.41, 1.381, 1.287, 1.216, 1.154, 1.052, 1.067, 1.095, 1.132, 1.162, 1.216, 1.211, 1.255, 1.286, 1.296, 1.245, 1.084, 0.806, 0.477, 0.288, 0.26, 0.354, 0.471, 0.636, 0.692, 0.802, 0.539, 0.562
FS_3_168_3, 2011.957, -27.879, 23.796, 34.922, 36.805, 35.597, 33.892, 32.251, 31.119, 30.631, 29.943, 29.827, 29.901, 29.794, 30.17, 30.652, 31.048, 31.152, 31.036, 30.797, 30.309, 29.481, 28.41, 27.238, 25.903, 24.524, 23.207, 22.1, 21.168, 20.412, 19.808, 19.369, 19.141, 18.996, 19.002, 19.015, 19.043, 18.958, 18.754, 18.42, 17.99, 17.469, 16.977, 16.296, 15.766, 15.305, 14.831, 14.645, 14.514, 14.472, 14.554, 14.7, 14.888, 15.143, 15.391, 15.57, 15.69, 15.703, 15.587, 15.387, 15.14, 14.915, 14.718, 14.596, 14.626, 14.759, 15.002, 15.422, 15.925, 16.49, 17.098, 17.78, 18.482, 18.975, 19.239, 19.307, 19.175, 18.85, 18.443, 18.055, 17.803, 17.684, 17.756, 18.044, 18.326, 18.724, 19.012, 19.165, 19.184, 19.045, 18.79, 18.603, 18.318, 18.445, 18.572, 18.829, 19.086, 19.073, 18.57, 17.058, 15.281
FS_3_168_4, 2720.071, -28.509, 38.084, 48.928, 49.847, 47.885, 45.15, 43.301, 41.74, 40.732, 39.753, 39.156, 39.08, 39.02, 39.272, 39.747, 40.499, 41.049, 41.138, 40.847, 40.165, 39.232, 38.033, 36.504, 34.657, 32.901, 31.211, 29.772, 28.673, 27.64, 27.087, 26.534, 26.406, 26.177, 26.203, 26.074, 26.097, 25.849, 25.617, 25.203, 24.691, 24.079, 23.446, 22.648, 21.959, 21.375, 20.798, 20.555, 20.422, 20.457, 20.674, 20.973, 21.303, 21.655, 21.914, 22.022, 22.068, 22.02, 21.847, 21.594, 21.26, 20.921, 20.588, 20.299, 20.186, 20.236, 20.451, 20.917, 21.529, 22.252, 23.012, 23.865, 24.777, 25.452, 25.866, 25.989, 25.86, 25.426, 24.79, 24.161, 23.573, 23.228, 23.176, 23.44, 23.88, 24.441, 24.867, 25.105, 25.241, 25.184, 24.998, 24.704, 24.339, 24.228, 24.203, 24.244, 24.287, 23.95, 22.947, 20.759, 18.184
FS_3_168_5, 3492.58, -25.246, 51.916, 62.915, 63.142, 60.366, 56.657, 54.357, 52.226, 50.698, 49.54, 48.957, 49.02, 49.267, 50.009, 51.193, 52.434, 53.191, 53.516, 53.433, 52.886, 51.7, 50.061, 48.152, 45.94, 43.74, 41.6, 39.827, 38.481, 37.279, 36.494, 35.812, 35.47, 35.199, 35.136, 35.004, 34.953, 34.634, 34.338, 33.801, 33.18, 32.362, 31.484, 30.485, 29.543, 28.812, 28.19, 27.919, 27.734, 27.708, 27.879, 28.144, 28.426, 28.712, 28.888, 28.893, 28.836, 28.656, 28.297, 27.84, 27.273, 26.677, 26.132, 25.648, 25.328, 25.147, 25.134, 25.359, 25.833, 26.577, 27.526, 28.64, 29.791, 30.593, 30.994, 31.008, 30.771, 30.292, 29.698, 29.225, 28.923, 28.849, 29.117, 29.638, 30.335, 31.126, 31.741, 32.099, 32.364, 32.282, 31.95, 31.287, 30.455, 29.929, 29.508, 29.101, 28.731, 27.845, 26.274, 23.314, 19.979
FS_3_168_6, 4250.202, -22.113, 66.843, 76.56, 76.306, 72.618, 68.187, 65.156, 62.533, 60.345, 59.013, 58.561, 58.854, 59.668, 61.053, 62.507, 63.724, 64.609, 64.812, 64.365, 63.327, 61.745, 59.691, 57.379, 54.979, 52.662, 50.415, 48.625, 47.131, 46.081, 45.263, 44.865, 44.596, 44.608, 44.745, 45.058, 45.334, 45.5, 45.406, 44.99, 44.265, 43.185, 42.087, 40.902, 39.56, 38.211, 36.858, 35.86, 35.077, 34.606, 34.41, 34.338, 34.326, 34.369, 34.358, 34.227, 34.098, 33.947, 33.708, 33.432, 32.97, 32.358, 31.716, 31.091, 30.572, 30.196, 30.045, 30.156, 30.557, 31.206, 32.061, 33.108, 34.213, 35.056, 35.575, 35.76, 35.66, 35.132, 34.392, 33.581, 33.016, 32.786, 33.117, 33.956, 35.116, 36.325, 37.4, 38.161, 38.802, 39.06, 39.074, 38.639, 37.964, 37.398, 36.729, 35.841, 34.732, 32.785, 29.994, 26.235, 19.843
FS_3_168_7, 4885.728, -18.462, 83.075, 91.407, 89.891, 85.122, 79.539, 74.869, 71.657, 69.468, 67.991, 67.383, 68.337, 69.685, 71.51, 73.091, 74.099, 74.196, 73.782, 72.867, 71.467, 69.711, 67.89, 65.866, 63.628, 61.458, 59.584, 58.257, 57.018, 56.27, 55.711, 55.577, 55.428, 55.327, 55.113, 54.904, 54.485, 53.9, 52.817, 51.592, 50.177, 48.598, 46.944, 45.34, 43.743, 42.211, 40.789, 39.629, 38.614, 37.897, 37.491, 37.283, 37.215, 37.238, 37.311, 37.448, 37.643, 37.632, 37.253, 36.635, 35.807, 34.899, 34.13, 33.561, 33.226, 33.157, 33.374, 33.792, 34.401, 35.191, 36.156, 37.342, 38.596, 39.55, 40.161, 40.298, 39.98, 39.214, 38.329, 37.49, 37.029, 37.111, 37.746, 38.965, 40.604, 42.434, 44.155, 45.449, 46.408, 46.64, 46.244, 45.24, 44.001, 42.895, 41.657, 40.212, 38.518, 36.055, 32.899, 33.304, 16.911
FS_3_168_9, 6091.297, -14.567, 108.3, 117.085, 112.907, 106.21, 99.732, 94.369, 90.26, 87.585, 85.842, 85.177, 85.898, 87.411, 89.328, 90.979, 92.53, 93.977, 95.056, 95.486, 94.851, 93.376, 91.413, 88.999, 86.111, 83.057, 80.246, 78.204, 76.796, 75.254, 73.523, 71.613, 69.874, 68.933, 68.873, 68.82, 68.295, 67.059, 65.079, 62.497, 59.754, 57.266, 54.764, 52.599, 50.645, 48.737, 47.258, 46.114, 45.224, 44.788, 44.639, 44.5, 44.312, 44.045, 43.654, 43.245, 42.881, 42.411, 41.741, 41.007, 40.295, 39.672, 39.175, 38.778, 38.402, 37.963, 37.612, 37.49, 37.944, 39.031, 40.576, 42.463, 44.277, 45.724, 46.671, 47.076, 47.186, 47.304, 47.447, 47.792, 48.16, 48.752, 49.727, 51.311, 53.426, 55.797, 58.128, 59.835, 60.496, 59.855, 58.392, 56.712, 55.277, 53.922, 52.209, 50.351, 48.508, 46.24, 43.336, 47.083, 14.881
FS_3_210_0, 271.985, -12.451, -1.144, 7.86, 9.085, 11.098, 10.957, 9.196, 7.3, 6.908, 7.284, 6.868, 5.903, 5.342, 4.858, 4.384, 4.002, 4.043, 4.279, 4.623, 4.515, 4.216, 3.347, 2.575, 2.671, 3.033, 3.363, 3.053, 2.644, 2.417, 2.573, 2.788, 2.813, 2.778, 2.882, 2.846, 2.764, 2.696, 2.694, 2.767, 2.83, 2.818, 2.715, 2.569, 2.454, 2.389, 2.307, 2.188, 2.062, 1.97, 1.9, 1.833, 1.778, 1.753, 1.765, 1.826, 1.927, 2.036, 2.106, 2.144, 2.162, 2.175, 2.119, 2.036, 1.937, 1.873, 1.833, 1.802, 1.74, 1.638, 1.547, 1.505, 1.548, 1.723, 1.923, 2.122, 2.351, 2.552, 2.557, 2.583, 2.494, 2.273, 1.917, 1.518, 1.021, 0.652, 0.242, 0.112, 0.265, 0.716, 1.111, 1.427, 1.516, 1.608, 1.839, 1.936, 1.981, 1.966, 1.864, 1.572, 1.031
FS_3_210_3, 3217.031, -52.975, 36.018, 57.1, 62.746, 62.447, 59.306, 56.156, 51.844, 49.759, 49.6, 48.847, 47.149, 46.497, 45.789, 44.414, 43.169, 42.541, 41.746, 40.525, 39.485, 38.625, 38.201, 37.935, 38.223, 38.251, 37.977, 37.98, 37.779, 37.322, 37.092, 37.142, 36.972, 36.192, 35.267, 34.297, 33.339, 32.173, 30.916, 29.705, 28.45, 27.009, 25.619, 24.109, 23.149, 22.629, 22.287, 22.393, 22.542, 22.846, 23.296, 23.797, 24.301, 24.889, 25.535, 26.189, 26.874, 27.44, 27.787, 27.967, 27.958, 27.746, 27.254, 26.576, 25.913, 25.28, 24.713, 24.306, 23.996, 23.803, 23.816, 24.214, 25.037, 25.976, 26.966, 27.924, 28.738, 29.307, 29.674, 29.809, 29.89, 29.792, 29.743, 29.951, 30.253, 30.824, 31.202, 31.483, 31.502, 31.334, 31.005, 30.701, 30.23, 30.248, 30.514, 30.834, 30.916, 30.462, 29.229, 26.884, 24.373
FS_3_210_4, 4413.204, -51.89, 63.942, 80.265, 85.964, 85.28, 80.454, 75.368, 69.515, 65.407, 62.84, 61.195, 59.278, 58.479, 58.614, 57.845, 56.274, 55.564, 56.282, 56.583, 54.858, 53.86, 53.953, 53.808, 52.508, 51.402, 51.071, 50.667, 50.519, 50.317, 50.383, 49.735, 49.062, 47.978, 47.186, 45.969, 45.071, 43.983, 42.872, 41.191, 39.175, 37.336, 36.073, 34.952, 34.046, 33.265, 32.432, 32.066, 31.884, 31.977, 32.468, 33.402, 34.581, 35.705, 36.588, 37.451, 38.541, 39.528, 40.114, 40.274, 39.846, 39.006, 38.179, 37.767, 37.818, 37.887, 37.727, 37.438, 36.964, 36.307, 35.651, 35.43, 35.756, 36.167, 36.596, 36.972, 37.385, 37.61, 37.611, 37.618, 37.668, 37.882, 38.268, 38.801, 39.537, 40.624, 41.62, 42.418, 43.013, 43.261, 43.501, 43.365, 42.722, 42.007, 41.237, 40.183, 39.046, 37.724, 35.754, 32.704, 30.626
FS_3_210_5, 5710.043, -43.762, 82.862, 105.915, 109.342, 106.301, 99.454, 93.506, 88.882, 85.691, 80.914, 77.894, 78.083, 77.999, 76.388, 75.273, 74.688, 73.408, 71.437, 69.905, 68.955, 68.821, 68.55, 67.863, 67.154, 66.628, 66.049, 65.62, 65.524, 65.663, 66.483, 66.862, 66.502, 64.893, 63.004, 61.193, 59.696, 57.777, 56.146, 54.42, 52.55, 50.485, 48.909, 47.748, 46.898, 46.495, 46.253, 46.392, 46.383, 46.595, 47.29, 48.195, 49.104, 49.896, 50.332, 50.251, 49.819, 49.39, 49.45, 50.072, 50.674, 50.977, 50.819, 49.984, 48.558, 46.752, 45.24, 44.714, 45.077, 45.683, 46.123, 46.578, 47.254, 47.659, 47.738, 47.457, 47.063, 46.611, 46.196, 46.029, 46.014, 46.261, 46.826, 47.466, 48.392, 49.701, 51.007, 52.061, 52.827, 53.108, 53.432, 53.596, 53.479, 52.969, 52.053, 50.374, 48.324, 45.823, 42.369, 37.898, 34.39
FS_3_210_6, 6998.423, -44.667, 108.5, 127.875, 129.335, 127.487, 124.144, 117.851, 109.731, 102.998, 96.855, 93.09, 92.879, 92.918, 90.358, 88.254, 88.177, 87.932, 86.695, 86.202, 86.781, 87.13, 86.54, 85.928, 84.919, 84.301, 84.816, 85.728, 85.89, 85.728, 85.76, 86.301, 86.543, 85.875, 83.681, 80.924, 78.473, 76.597, 74.366, 71.136, 68.103, 66.378, 66.057, 65.953, 65.084, 63.478, 61.229, 59.334, 57.965, 57.46, 57.792, 58.554, 59.238, 59.577, 59.649, 59.62, 59.631, 59.575, 59.412, 59.337, 59.187, 58.883, 58.533, 58.038, 57.325, 56.205, 54.565, 52.571, 50.923, 49.988, 49.74, 50.034, 50.583, 51.0, 51.353, 51.765, 52.44, 53.149, 54.278, 55.682, 57.177, 58.151, 58.809, 59.603, 61.169, 63.408, 65.322, 65.838, 65.26, 64.038, 63.115, 62.339, 61.429, 60.421, 59.368, 57.86, 55.857, 53.235, 49.326, 45.417, 37.578
FS_3_210_7, 8170.748, -44.19, 129.216, 151.688, 150.419, 145.708, 138.346, 128.987, 121.562, 116.948, 113.1, 109.472, 107.748, 107.035, 107.15, 107.505, 107.594, 106.804, 104.441, 102.953, 102.443, 100.884, 99.724, 101.317, 103.793, 105.064, 105.583, 106.96, 108.778, 109.952, 108.643, 105.982, 104.15, 104.127, 103.577, 101.214, 97.035, 92.945, 89.301, 85.846, 82.44, 79.851, 77.868, 75.951, 73.895, 72.014, 70.633, 69.811, 69.139, 68.866, 68.787, 68.573, 68.26, 67.974, 67.784, 67.638, 67.451, 66.983, 65.955, 64.62, 63.479, 62.86, 62.66, 62.392, 61.704, 60.921, 60.188, 59.303, 58.27, 57.162, 56.212, 55.861, 56.173, 56.811, 57.876, 59.06, 60.212, 61.061, 61.996, 63.027, 64.311, 65.937, 68.225, 71.455, 74.728, 76.938, 77.559, 77.295, 76.933, 76.023, 74.709, 72.715, 70.614, 68.461, 66.168, 63.866, 61.4, 58.598, 54.624, 57.36, 31.304
FS_3_210_9, 9868.617, -24.298, 174.203, 193.19, 189.093, 179.919, 169.552, 158.901, 150.361, 143.796, 138.381, 135.405, 133.305, 130.688, 128.77, 127.566, 126.843, 126.444, 125.968, 126.233, 126.994, 129.414, 132.021, 131.66, 130.938, 131.864, 132.9, 133.498, 133.278, 131.528, 129.887, 128.344, 125.406, 121.581, 118.991, 117.836, 115.789, 111.447, 106.717, 103.674, 102.561, 102.977, 102.433, 98.687, 92.621, 87.254, 83.967, 81.246, 78.364, 76.603, 76.041, 76.233, 77.242, 78.049, 77.64, 77.017, 77.261, 78.299, 78.849, 78.072, 75.904, 72.945, 69.64, 66.04, 62.804, 60.901, 60.488, 60.508, 60.58, 60.952, 62.04, 63.951, 65.648, 66.764, 67.842, 68.601, 69.247, 71.235, 74.086, 76.529, 78.391, 81.441, 85.69, 89.715, 92.707, 95.494, 97.687, 98.602, 98.253, 95.695, 92.066, 87.713, 83.505, 79.537, 76.321, 74.289, 72.572, 70.756, 68.205, 75.789, 27.982
FS_4_126_0, -97.33, 2.311, -2.397, -3.28, -3.324, -3.192, -2.651, -2.422, -2.316, -2.05, -1.88, -1.79, -1.774, -1.764, -1.731, -1.696, -1.659, -1.591, -1.548, -1.444, -1.374, -1.344, -1.311, -1.299, -1.306, -1.296, -1.248, -1.176, -1.129, -1.096, -1.083, -1.065, -1.044, -1.026, -1.008, -0.982, -0.955, -0.939, -0.921, -0.913, -0.907, -0.89, -0.883, -0.878, -0.87, -0.855, -0.842, -0.825, -0.811, -0.805, -0.799, -0.791, -0.77, -0.743, -0.719, -0.709, -0.712, -0.726, -0.736, -0.734, -0.718, -0.691, -0.664, -0.65, -0.653, -0.667, -0.685, -0.694, -0.693, -0.686, -0.668, -0.646, -0.636, -0.636, -0.652, -0.666, -0.683, -0.682, -0.681, -0.674, -0.652, -0.637, -0.616, -0.631, -0.662, -0.669, -0.698, -0.706, -0.684, -0.59, -0.486, -0.323, -0.215, -0.175, -0.329, -0.356, -0.19, -0.168, -0.171, -0.198, -0.027
FS_4_126_3, 503.938, -27.35, -0.426, 6.916, 7.731, 6.817, 6.092, 5.859, 5.862, 6.305, 6.796, 7.017, 6.934, 6.495, 5.933, 5.374, 4.916, 4.667, 4.612, 4.691, 4.836, 4.893, 4.901, 4.699, 4.447, 4.186, 3.906, 3.764, 3.639, 3.651, 3.74, 3.811, 3.896, 3.937, 3.87, 3.718, 3.537, 3.363, 3.289, 3.224, 3.393, 3.438, 3.628, 3.674, 3.684, 3.626, 3.504, 3.42, 3.381, 3.422, 3.544, 3.713, 3.871, 3.975, 3.988, 3.955, 3.889, 3.843, 3.837, 3.921, 4.06, 4.226, 4.373, 4.486, 4.531, 4.511, 4.484, 4.469, 4.538, 4.658, 4.878, 5.096, 5.297, 5.469, 5.557, 5.679, 5.822, 6.035, 6.379, 6.841, 7.345, 7.886, 8.432, 8.795, 9.019, 9.099, 8.891, 8.54, 8.162, 7.825, 7.658, 7.719, 8.109, 8.598, 8.66, 8.531, 8.545, 8.749, 8.777, 7.938, 7.017
FS_4_126_4, 735.621, -30.745, 4.981, 12.923, 13.437, 12.126, 11.178, 10.755, 10.645, 11.073, 11.528, 11.718, 11.487, 10.838, 10.009, 9.142, 8.477, 8.042, 7.894, 7.894, 7.974, 8.033, 7.959, 7.688, 7.258, 6.856, 6.462, 6.129, 5.949, 5.889, 5.92, 6.012, 6.103, 6.082, 5.944, 5.718, 5.458, 5.191, 5.041, 4.923, 5.107, 5.164, 5.379, 5.428, 5.412, 5.305, 5.115, 4.975, 4.898, 4.928, 5.061, 5.253, 5.433, 5.545, 5.539, 5.472, 5.359, 5.266, 5.223, 5.284, 5.415, 5.583, 5.736, 5.842, 5.873, 5.825, 5.765, 5.715, 5.763, 5.88, 6.123, 6.375, 6.614, 6.821, 6.928, 7.066, 7.228, 7.471, 7.894, 8.472, 9.115, 9.815, 10.486, 10.97, 11.238, 11.32, 11.084, 10.69, 10.283, 9.996, 9.938, 10.223, 10.892, 11.569, 11.739, 11.434, 11.123, 11.038, 10.873, 9.849, 8.425
FS_4_126_5, 975.084, -32.259, 12.128, 19.234, 19.339, 17.722, 16.471, 15.969, 15.838, 16.372, 16.87, 17.068, 16.732, 15.883, 14.773, 13.607, 12.692, 11.977, 11.685, 11.582, 11.596, 11.625, 11.453, 11.116, 10.536, 9.991, 9.448, 8.906, 8.64, 8.494, 8.462, 8.548, 8.622, 8.55, 8.359, 8.058, 7.686, 7.288, 7.032, 6.845, 6.999, 7.053, 7.284, 7.333, 7.269, 7.091, 6.801, 6.564, 6.407, 6.379, 6.48, 6.657, 6.824, 6.907, 6.842, 6.691, 6.481, 6.291, 6.172, 6.19, 6.304, 6.463, 6.613, 6.706, 6.708, 6.611, 6.503, 6.405, 6.422, 6.536, 6.802, 7.105, 7.403, 7.669, 7.821, 7.993, 8.198, 8.499, 9.016, 9.734, 10.534, 11.415, 12.258, 12.897, 13.257, 13.399, 13.195, 12.791, 12.42, 12.216, 12.312, 12.857, 13.882, 14.792, 15.062, 14.578, 13.921, 13.462, 12.962, 11.712, 9.995
FS_4_126_6, 1220.6, -34.181, 19.587, 26.199, 25.156, 23.526, 22.18, 21.649, 21.429, 21.977, 22.437, 22.52, 22.006, 20.959, 19.616, 18.178, 17.046, 16.151, 15.727, 15.522, 15.434, 15.386, 15.1, 14.612, 13.842, 13.087, 12.358, 11.668, 11.278, 11.028, 10.942, 10.992, 11.011, 10.862, 10.577, 10.173, 9.702, 9.203, 8.859, 8.61, 8.701, 8.71, 8.863, 8.836, 8.668, 8.384, 7.98, 7.648, 7.414, 7.319, 7.366, 7.487, 7.582, 7.585, 7.432, 7.202, 6.922, 6.674, 6.515, 6.509, 6.619, 6.781, 6.934, 7.028, 7.036, 6.95, 6.878, 6.833, 6.904, 7.073, 7.392, 7.757, 8.119, 8.461, 8.706, 8.969, 9.29, 9.732, 10.402, 11.305, 12.297, 13.378, 14.445, 15.274, 15.771, 16.032, 15.931, 15.58, 15.323, 15.302, 15.753, 16.774, 18.353, 19.532, 19.711, 18.908, 17.775, 16.847, 15.833, 14.115, 12.292
FS_4_126_7, 1485.803, -37.541, 28.073, 34.598, 32.934, 30.501, 28.755, 27.887, 27.481, 28.004, 28.441, 28.424, 27.681, 26.374, 24.681, 22.908, 21.443, 20.319, 19.724, 19.356, 19.157, 19.011, 18.627, 17.972, 17.054, 16.094, 15.184, 14.384, 13.825, 13.498, 13.391, 13.374, 13.338, 13.132, 12.749, 12.221, 11.603, 10.955, 10.47, 10.107, 10.054, 9.999, 10.064, 9.95, 9.645, 9.213, 8.656, 8.192, 7.847, 7.682, 7.684, 7.765, 7.824, 7.786, 7.582, 7.296, 6.982, 6.729, 6.598, 6.639, 6.812, 7.048, 7.289, 7.475, 7.577, 7.576, 7.582, 7.609, 7.749, 7.996, 8.396, 8.879, 9.386, 9.886, 10.288, 10.67, 11.113, 11.696, 12.526, 13.641, 14.885, 16.249, 17.61, 18.681, 19.332, 19.696, 19.677, 19.385, 19.26, 19.478, 20.144, 21.256, 23.025, 24.416, 24.707, 23.645, 21.884, 20.255, 18.715, 16.694, 15.236
