run,	wetted surf,	change w.r.t. 0 heel/0leeway, change w.r.t. calm water value



FS_1_126_0, 3285.84, 0.0, -5.395
FS_1_126_3, 3286.193, 0.353, -5.042
FS_1_126_4, 3286.526, 0.685, -4.709
FS_1_126_5, 3286.89, 1.05, -4.345
FS_1_126_6, 3287.14, 1.3, -4.095
FS_1_126_7, 3287.365, 1.525, -3.87
FS_1_126_9, 3287.987, 2.147, -3.248
FS_1_168_0, 3280.458, 0.0, -10.777
FS_1_168_3, 3282.674, 2.216, -8.561
FS_1_168_4, 3283.276, 2.819, -7.959
FS_1_168_5, 3283.025, 2.568, -8.21
FS_1_168_6, 3283.525, 3.067, -7.71
FS_1_168_7, 3284.206, 3.748, -7.029
FS_1_168_9, 3284.677, 4.22, -6.558
FS_1_210_0, 3276.073, 0.0, -15.161
FS_1_210_3, 3279.142, 3.069, -12.092
FS_1_210_4, 3281.285, 5.212, -9.95
FS_1_210_5, 3280.978, 4.904, -10.257
FS_1_210_6, 3280.868, 4.795, -10.367
FS_1_210_7, 3282.85, 6.777, -8.384
FS_1_210_9, 3282.558, 6.485, -8.677
FS_1_h10_126_0, 3294.724, 8.884, 3.489
FS_1_h10_126_3, 3295.014, 9.174, 3.779
FS_1_h10_126_4, 3295.233, 9.393, 3.998
FS_1_h10_126_5, 3295.562, 9.722, 4.327
FS_1_h10_126_6, 3295.935, 10.095, 4.7
FS_1_h10_126_7, 3296.288, 10.448, 5.053
FS_1_h10_126_9, 3297.058, 11.217, 5.823
FS_1_h10_168_0, 3289.454, 8.997, -1.781
FS_1_h10_168_3, 3289.082, 8.624, -2.153
FS_1_h10_168_4, 3289.984, 9.526, -1.251
FS_1_h10_168_5, 3291.071, 10.614, -0.163
FS_1_h10_168_6, 3290.925, 10.468, -0.31
FS_1_h10_168_7, 3292.346, 11.888, 1.111
FS_1_h10_168_9, 3294.589, 14.132, 3.354
FS_1_h10_210_0, 3287.225, 11.152, -4.01
FS_1_h10_210_3, 3287.376, 11.302, -3.859
FS_1_h10_210_4, 3289.807, 13.733, -1.428
FS_1_h10_210_5, 3289.259, 13.186, -1.975
FS_1_h10_210_6, 3291.132, 15.058, -0.103
FS_1_h10_210_7, 3289.778, 13.705, -1.456
FS_1_h10_210_9, 3291.488, 15.414, 0.253
FS_1_h20_126_0, 3327.546, 41.706, 36.311
FS_1_h20_126_3, 3327.801, 41.961, 36.566
FS_1_h20_126_4, 3327.976, 42.136, 36.742
FS_1_h20_126_5, 3328.346, 42.506, 37.111
FS_1_h20_126_6, 3328.846, 43.006, 37.611
FS_1_h20_126_7, 3329.299, 43.458, 38.064
FS_1_h20_126_9, 3329.988, 44.148, 38.753
FS_1_h20_168_0, 3320.51, 40.052, 29.275
FS_1_h20_168_3, 3322.896, 42.438, 31.661
FS_1_h20_168_4, 3323.732, 43.275, 32.497
FS_1_h20_168_5, 3325.097, 44.64, 33.862
FS_1_h20_168_6, 3325.281, 44.824, 34.047
FS_1_h20_168_7, 3326.628, 46.17, 35.393
FS_1_h20_168_9, 3327.308, 46.851, 36.073
FS_1_h20_210_0, 3317.674, 41.601, 26.439
FS_1_h20_210_3, 3319.07, 42.997, 27.835
FS_1_h20_210_4, 3322.24, 46.166, 31.005
FS_1_h20_210_5, 3323.702, 47.629, 32.467
FS_1_h20_210_6, 3324.993, 48.92, 33.759
FS_1_h20_210_7, 3325.82, 49.747, 34.585
FS_1_h20_210_9, 3324.395, 48.322, 33.161
FS_2_126_0, 3253.126, 0.0, -6.69
FS_2_126_3, 3253.365, 0.239, -6.45
FS_2_126_4, 3253.662, 0.536, -6.154
FS_2_126_5, 3253.964, 0.838, -5.852
FS_2_126_6, 3254.262, 1.135, -5.554
FS_2_126_7, 3254.484, 1.358, -5.332
FS_2_126_9, 3254.753, 1.627, -5.063
FS_2_168_0, 3246.81, 0.0, -13.006
FS_2_168_3, 3248.537, 1.727, -11.279
FS_2_168_4, 3249.296, 2.486, -10.52
FS_2_168_5, 3249.395, 2.585, -10.421
FS_2_168_6, 3249.832, 3.022, -9.984
FS_2_168_7, 3250.172, 3.362, -9.643
FS_2_168_9, 3250.725, 3.915, -9.091
FS_2_210_0, 3241.603, 0.0, -18.213
FS_2_210_3, 3243.934, 2.331, -15.882
FS_2_210_4, 3244.584, 2.981, -15.231
FS_2_210_5, 3245.596, 3.993, -14.219
FS_2_210_6, 3246.438, 4.835, -13.378
FS_2_210_7, 3246.695, 5.092, -13.121
FS_2_210_9, 3247.343, 5.74, -12.473
FS_2_h10_168_3, 3254.365, 7.555, -5.451
FS_2_h10_168_5, 3254.861, 8.051, -4.955
FS_2_h20_168_3, 3278.491, 31.681, 18.675
FS_2_h20_168_5, 3279.803, 32.993, 19.987
FS_2_h20_168_7, 3281.517, 34.707, 21.701
FS_3_126_0, 3370.847, 0.0, -2.864
FS_3_126_3, 3371.258, 0.411, -2.453
FS_3_126_4, 3371.61, 0.763, -2.101
FS_3_126_5, 3372.092, 1.245, -1.619
FS_3_126_6, 3372.05, 1.203, -1.66
FS_3_126_7, 3372.387, 1.54, -1.324
FS_3_126_9, 3373.057, 2.21, -0.654
FS_3_168_0, 3368.593, 0.0, -5.118
FS_3_168_3, 3369.579, 0.987, -4.132
FS_3_168_4, 3369.78, 1.187, -3.931
FS_3_168_5, 3370.087, 1.494, -3.624
FS_3_168_6, 3370.2, 1.607, -3.511
FS_3_168_7, 3370.622, 2.029, -3.089
FS_3_168_9, 3372.002, 3.409, -1.709
FS_3_210_0, 3366.166, 0.0, -7.545
FS_3_210_3, 3368.671, 2.505, -5.04
FS_3_210_4, 3370.292, 4.127, -3.418
FS_3_210_5, 3369.28, 3.114, -4.431
FS_3_210_6, 3370.306, 4.141, -3.405
FS_3_210_7, 3369.386, 3.22, -4.325
FS_3_210_9, 3370.658, 4.492, -3.053
FS_3_h10_168_3, 3379.712, 11.119, 6.001
FS_3_h10_168_5, 3381.768, 13.175, 8.057
FS_4_126_0, 3466.66, 0.0, -6.807
FS_4_126_3, 3467.055, 0.395, -6.411
FS_4_126_4, 3467.276, 0.617, -6.19
FS_4_126_5, 3467.545, 0.886, -5.921
FS_4_126_6, 3467.82, 1.16, -5.646
FS_4_126_7, 3468.116, 1.456, -5.35
FS_4_126_9, 3468.709, 2.05, -4.757
FS_4_168_0, 3460.592, 0.0, -12.874
FS_4_168_3, 3462.315, 1.722, -11.152
FS_4_168_4, 3462.989, 2.397, -10.478
FS_4_168_5, 3462.703, 2.111, -10.763
FS_4_168_6, 3463.554, 2.962, -9.912
FS_4_168_7, 3463.76, 3.168, -9.706
FS_4_168_9, 3465.342, 4.75, -8.124
FS_4_210_0, 3455.014, 0.0, -18.453
FS_4_210_3, 3455.136, 0.122, -18.331
FS_4_210_4, 3455.855, 0.841, -17.611
FS_4_210_5, 3455.678, 0.664, -17.789
FS_4_210_6, 3457.504, 2.49, -15.962
FS_4_210_7, 3457.987, 2.973, -15.48
FS_4_210_9, 3457.207, 2.193, -16.259
FS_4_h10_168_3, 3468.759, 8.167, -4.708
FS_4_h10_168_5, 3469.686, 9.094, -3.78
FS_4_h20_168_3, 3494.986, 34.394, 21.52
FS_4_h20_168_5, 3495.299, 34.707, 21.833
FS_4_h20_168_7, 3496.076, 35.484, 22.61
FS_5_126_0, 3140.246, 0.0, -5.158
FS_5_126_3, 3140.873, 0.627, -4.531
FS_5_126_4, 3141.2, 0.955, -4.203
FS_5_126_5, 3141.476, 1.231, -3.927
FS_5_126_6, 3141.689, 1.443, -3.715
FS_5_126_7, 3141.952, 1.706, -3.452
FS_5_126_9, 3142.507, 2.262, -2.896
FS_5_168_0, 3135.162, 0.0, -10.241
FS_5_168_3, 3137.624, 2.462, -7.78
FS_5_168_4, 3138.461, 3.299, -6.942
FS_5_168_5, 3138.78, 3.618, -6.623
FS_5_168_6, 3138.899, 3.736, -6.505
FS_5_168_7, 3139.239, 4.077, -6.165
FS_5_168_9, 3140.176, 5.014, -5.228
FS_5_210_0, 3125.649, 0.0, -19.755
FS_5_210_3, 3129.913, 4.264, -15.491
FS_5_210_4, 3132.633, 6.984, -12.771
FS_5_210_5, 3132.867, 7.219, -12.537
FS_5_210_6, 3134.094, 8.445, -11.31
FS_5_210_7, 3133.965, 8.317, -11.438
FS_5_210_9, 3137.847, 12.198, -7.557
FS_5_h10_168_0, 3141.691, 6.529, -3.713
FS_5_h10_168_3, 3142.749, 7.586, -2.655
FS_5_h10_168_4, 3143.495, 8.333, -1.908
FS_5_h10_168_5, 3143.63, 8.468, -1.773
FS_5_h10_168_6, 3144.103, 8.941, -1.3
FS_5_h10_168_7, 3144.547, 9.384, -0.857
FS_5_h10_168_9, 3147.149, 11.986, 1.745
FS_5_h20_168_0, 3167.942, 32.779, 22.538
FS_5_h20_168_3, 3169.965, 34.802, 24.561
FS_5_h20_168_5, 3170.174, 35.012, 24.771
FS_5_h20_168_6, 3170.618, 35.456, 25.215
FS_5_h20_168_7, 3171.753, 36.59, 26.349
FS_5_h20_168_9, 3175.78, 40.618, 30.376
FS_6_126_0, 3452.302, 0.0, -4.919
FS_6_126_3, 3452.525, 0.222, -4.697
FS_6_126_4, 3452.824, 0.521, -4.398
FS_6_126_5, 3453.093, 0.791, -4.129
FS_6_126_6, 3453.233, 0.931, -3.988
FS_6_126_7, 3453.362, 1.06, -3.86
FS_6_126_9, 3453.945, 1.642, -3.277
FS_6_168_0, 3447.411, 0.0, -9.811
FS_6_168_3, 3448.179, 0.768, -9.043
FS_6_168_4, 3449.13, 1.719, -8.092
FS_6_168_5, 3448.884, 1.473, -8.338
FS_6_168_6, 3449.555, 2.144, -7.667
FS_6_168_7, 3450.212, 2.801, -7.01
FS_6_168_9, 3450.154, 2.743, -7.068
FS_6_210_0, 3441.189, 0.0, -16.032
FS_6_210_3, 3445.983, 4.794, -11.239
FS_6_210_4, 3447.083, 5.894, -10.139
FS_6_210_5, 3447.226, 6.037, -9.996
FS_6_210_6, 3447.456, 6.266, -9.766
FS_6_210_7, 3446.416, 5.226, -10.806
FS_6_210_9, 3448.922, 7.733, -8.3
FS_6_h10_168_3, 3454.933, 3454.433, -2.289
FS_6_h10_168_5, 3456.493, 3455.993, -0.729
FS_6_h20_168_3, 3482.995, 3482.495, 25.774
FS_6_h20_168_5, 3483.793, 3483.293, 26.571
FS_6_h20_168_7, 3485.576, 3485.076, 28.354
FS_7_126_0, 3131.337, 0.0, -5.765
FS_7_126_3, 3131.714, 0.376, -5.389
FS_7_126_4, 3132.095, 0.757, -5.008
FS_7_126_5, 3132.343, 1.005, -4.76
FS_7_126_6, 3132.58, 1.242, -4.523
FS_7_126_7, 3132.713, 1.376, -4.39
FS_7_126_9, 3133.053, 1.716, -4.05
FS_7_168_0, 3125.616, 0.0, -11.486
FS_7_168_3, 3126.82, 1.203, -10.283
FS_7_168_4, 3127.488, 1.871, -9.615
FS_7_168_5, 3127.333, 1.717, -9.77
FS_7_168_6, 3128.137, 2.52, -8.966
FS_7_168_7, 3128.829, 3.213, -8.273
FS_7_168_9, 3128.998, 3.381, -8.105
FS_7_210_0, 3120.967, 0.0, -16.136
FS_7_210_3, 3125.831, 4.864, -11.272
FS_7_210_4, 3126.315, 5.348, -10.788
FS_7_210_5, 3126.207, 5.24, -10.896
FS_7_210_6, 3126.839, 5.872, -10.264
FS_7_210_7, 3126.307, 5.341, -10.795
FS_7_210_9, 3127.297, 6.33, -9.806
FS_7_h10_168_3, 3137.533, 11.917, 0.43
FS_7_h10_168_5, 3138.378, 12.762, 1.275
FS_7_h20_168_3, 3179.471, 53.855, 42.368
FS_7_h20_168_5, 3180.766, 55.15, 43.663
FS_7_h20_168_7, 3181.439, 55.823, 44.336
FS_8_126_0, 3428.817, 0.0, -8.867
FS_8_126_3, 3429.095, 0.278, -8.589
FS_8_126_4, 3429.37, 0.553, -8.314
FS_8_126_5, 3429.652, 0.835, -8.032
FS_8_126_6, 3430.013, 1.195, -7.672
FS_8_126_7, 3430.228, 1.411, -7.457
FS_8_126_9, 3430.632, 1.814, -7.053
FS_8_168_0, 3422.025, 0.0, -15.66
FS_8_168_3, 3422.442, 0.417, -15.242
FS_8_168_4, 3422.916, 0.892, -14.768
FS_8_168_5, 3423.542, 1.517, -14.143
FS_8_168_6, 3424.23, 2.206, -13.454
FS_8_168_7, 3424.636, 2.611, -13.048
FS_8_168_9, 3425.184, 3.159, -12.501
FS_8_210_0, 3413.183, 0.0, -24.501
FS_8_210_3, 3416.419, 3.235, -21.266
FS_8_210_4, 3414.012, 0.829, -23.672
FS_8_210_5, 3412.994, -0.189, -24.69
FS_8_210_6, 3415.461, 2.277, -22.224
FS_8_210_7, 3417.068, 3.884, -20.617
FS_8_210_9, 3416.926, 3.743, -20.758
FS_8_h10_168_3, 3426.786, 4.761, -10.899
FS_8_h10_168_5, 3427.795, 5.77, -9.89
FS_8_h20_168_3, 3445.838, 23.813, 8.153
FS_8_h20_168_5, 3447.297, 25.272, 9.613
FS_8_h20_168_7, 3449.064, 27.039, 11.38
FS_9_126_0, 3101.925, 0.0, -5.942
FS_9_126_3, 3102.357, 0.431, -5.51
FS_9_126_4, 3102.539, 0.614, -5.328
FS_9_126_5, 3102.693, 0.768, -5.174
FS_9_126_6, 3102.812, 0.887, -5.055
FS_9_126_7, 3103.079, 1.154, -4.788
FS_9_126_9, 3103.349, 1.424, -4.518
FS_9_168_0, 3096.944, 0.0, -10.923
FS_9_168_3, 3098.367, 1.423, -9.5
FS_9_168_4, 3098.704, 1.76, -9.163
FS_9_168_5, 3099.579, 2.636, -8.288
FS_9_168_6, 3099.898, 2.954, -7.969
FS_9_168_7, 3099.837, 2.893, -8.03
FS_9_168_9, 3100.175, 3.231, -7.692
FS_9_210_0, 3089.389, 0.0, -18.478
FS_9_210_3, 3089.621, 0.232, -18.246
FS_9_210_4, 3090.378, 0.989, -17.489
FS_9_210_5, 3093.781, 4.392, -14.086
FS_9_210_6, 3094.41, 5.021, -13.457
FS_9_210_7, 3096.102, 6.713, -11.765
FS_9_210_9, 3095.859, 6.47, -12.008
FS_9_h10_168_3, 3103.146, 6.202, -4.721
FS_9_h10_168_5, 3104.267, 7.323, -3.6
FS_9_h20_168_3, 3125.318, 28.374, 17.451
FS_9_h20_168_5, 3125.922, 28.978, 18.055
FS_9_h20_168_7, 3125.926, 28.982, 18.059
FS_10_126_0, 3554.579, 0.0, -4.203
FS_10_126_3, 3555.051, 0.472, -3.731
FS_10_126_4, 3555.08, 0.501, -3.703
FS_10_126_5, 3555.558, 0.979, -3.224
FS_10_126_6, 3555.848, 1.269, -2.934
FS_10_126_7, 3556.112, 1.533, -2.67
FS_10_126_9, 3557.092, 2.513, -1.69
FS_10_168_0, 3551.835, 0.0, -6.947
FS_10_168_3, 3552.537, 0.702, -6.245
FS_10_168_4, 3551.762, -0.073, -7.02
FS_10_168_5, 3553.011, 1.175, -5.772
FS_10_168_6, 3553.439, 1.604, -5.344
FS_10_168_7, 3553.893, 2.058, -4.889
FS_10_168_9, 3554.466, 2.631, -4.317
FS_10_210_0, 3547.112, 0.0, -11.67
FS_10_210_3, 3550.673, 3.561, -8.11
FS_10_210_5, 3549.018, 1.906, -9.764
FS_10_210_6, 3549.29, 2.177, -9.493
FS_10_210_7, 3550.608, 3.496, -8.174
FS_10_210_9, 3550.606, 3.494, -8.176
FS_10_h10_168_3, 3560.723, 8.888, 1.941
FS_10_h10_168_5, 3562.874, 11.039, 4.092
FS_11_126_0, 3225.623, 0.0, -3.15
FS_11_126_3, 3226.318, 0.695, -2.455
FS_11_126_4, 3226.666, 1.043, -2.107
FS_11_126_5, 3226.86, 1.237, -1.913
FS_11_126_6, 3226.874, 1.251, -1.899
FS_11_126_7, 3227.075, 1.453, -1.697
FS_11_126_9, 3227.741, 2.118, -1.032
FS_11_168_0, 3222.988, 0.0, -5.785
FS_11_168_3, 3225.24, 2.252, -3.533
FS_11_168_4, 3225.303, 2.315, -3.47
FS_11_168_5, 3225.717, 2.73, -3.056
FS_11_168_6, 3225.726, 2.738, -3.047
FS_11_168_7, 3225.886, 2.898, -2.887
FS_11_168_9, 3226.643, 3.656, -2.13
FS_11_210_0, 3215.934, 0.0, -12.839
FS_11_210_3, 3217.215, 1.281, -11.557
FS_11_210_4, 3218.437, 2.502, -10.336
FS_11_210_5, 3219.371, 3.436, -9.402
FS_11_210_6, 3221.528, 5.594, -7.245
FS_11_210_7, 3222.396, 6.462, -6.376
FS_11_210_9, 3225.669, 9.735, -3.104
FS_12_126_0, 3417.158, 0.0, -6.335
FS_12_126_3, 3417.434, 0.276, -6.059
FS_12_126_4, 3417.584, 0.425, -5.91
FS_12_126_5, 3417.743, 0.585, -5.75
FS_12_126_6, 3417.967, 0.809, -5.526
FS_12_126_7, 3418.22, 1.062, -5.273
FS_12_126_9, 3418.792, 1.634, -4.701
FS_12_168_3, 3412.878, 1.874, -10.616
FS_12_168_4, 3412.984, 1.98, -10.509
FS_12_168_5, 3413.448, 2.443, -10.046
FS_12_168_6, 3413.735, 2.731, -9.758
FS_12_168_7, 3414.151, 3.146, -9.343
FS_12_168_9, 3414.925, 3.92, -8.569
FS_12_210_0, 3404.222, 0.0, -19.272
FS_12_210_3, 3408.014, 3.792, -15.479
FS_12_210_4, 3408.521, 4.299, -14.973
FS_12_210_5, 3409.501, 5.279, -13.993
FS_12_210_6, 3409.053, 4.831, -14.441
FS_12_210_7, 3409.62, 5.398, -13.873
FS_12_210_9, 3412.386, 8.164, -11.108
FS_12_h10_168_3, 3417.319, 6.314, -6.175
FS_12_h10_168_5, 3418.136, 7.132, -5.357
FS_12_h20_168_3, 3437.27, 26.266, 13.777
FS_12_h20_168_5, 3438.673, 27.669, 15.18
FS_12_h20_168_7, 3439.779, 28.775, 16.286
FS_13_126_0, 3097.172, 0.0, -6.8
FS_13_126_3, 3097.593, 0.422, -6.378
FS_13_126_4, 3097.753, 0.581, -6.219
FS_13_126_5, 3097.966, 0.794, -6.006
FS_13_126_6, 3098.152, 0.98, -5.82
FS_13_126_7, 3098.398, 1.226, -5.574
FS_13_126_9, 3098.749, 1.577, -5.223
FS_13_168_0, 3091.305, 0.0, -12.667
FS_13_168_3, 3092.327, 1.022, -11.645
FS_13_168_4, 3093.098, 1.794, -10.873
FS_13_168_5, 3093.402, 2.098, -10.57
FS_13_168_6, 3093.699, 2.394, -10.273
FS_13_168_7, 3094.137, 2.832, -9.835
FS_13_168_9, 3094.275, 2.971, -9.696
FS_13_210_0, 3086.726, 0.0, -17.246
FS_13_210_3, 3089.6, 2.874, -14.372
FS_13_210_4, 3089.68, 2.955, -14.291
FS_13_210_5, 3090.526, 3.8, -13.446
FS_13_210_6, 3090.121, 3.396, -13.85
FS_13_210_7, 3091.703, 4.977, -12.269
FS_13_210_9, 3090.515, 3.789, -13.457
FS_13_h10_168_3, 3099.925, 8.62, -4.047
FS_13_h10_168_5, 3100.443, 9.139, -3.528
FS_13_h20_168_3, 3130.503, 39.199, 26.532
FS_13_h20_168_7, 3132.737, 41.432, 28.765
FS_14_126_0, 3534.433, 0.0, -2.655
FS_14_126_3, 3534.793, 0.36, -2.295
FS_14_126_4, 3535.013, 0.58, -2.075
FS_14_126_4, 3535.013, 3535.013, -2.075
FS_14_126_5, 3535.268, 3535.268, -1.821
FS_14_126_6, 3535.508, 3535.508, -1.58
FS_14_126_7, 3535.735, 3535.735, -1.353
FS_14_126_9, 3536.542, 3536.542, -0.547
FS_14_168_0, 3531.717, 0.0, -5.371
FS_14_168_3, 3532.822, 1.105, -4.266
FS_14_168_4, 3533.196, 1.479, -3.892
FS_14_168_5, 3533.543, 1.826, -3.546
FS_14_168_6, 3533.878, 2.161, -3.21
FS_14_168_7, 3535.004, 3.287, -2.084
FS_14_168_9, 3536.169, 4.452, -0.919
FS_14_210_0, 3529.254, 0.0, -7.834
FS_14_210_3, 3532.973, 3.719, -4.115
FS_14_210_4, 3532.982, 3.728, -4.106
FS_14_210_5, 3533.786, 4.532, -3.302
FS_14_210_6, 3533.312, 4.058, -3.776
FS_14_210_7, 3533.888, 4.634, -3.2
FS_14_210_9, 3534.229, 4.975, -2.859
FS_14_h10_168_3, 3543.192, 11.475, 6.104
FS_14_h10_168_5, 3543.979, 12.262, 6.891
FS_15_126_0, 3214.999, 0.0, -3.143
FS_15_126_3, 3215.456, 0.457, -2.685
FS_15_126_4, 3215.93, 0.931, -2.211
FS_15_126_5, 3216.068, 1.069, -2.073
FS_15_126_6, 3216.217, 1.218, -1.925
FS_15_126_7, 3216.408, 1.41, -1.733
FS_15_126_9, 3217.103, 2.104, -1.039
FS_15_168_0, 3212.339, 0.0, -5.803
FS_15_168_3, 3213.296, 0.958, -4.845
FS_15_168_4, 3213.627, 1.288, -4.515
FS_15_168_5, 3214.159, 1.82, -3.982
FS_15_168_6, 3214.094, 1.755, -4.047
FS_15_168_7, 3215.145, 2.806, -2.997
FS_15_168_9, 3215.616, 3.277, -2.525
FS_15_210_0, 3209.992, 0.0, -8.149
FS_15_210_3, 3213.672, 3.68, -4.47
FS_15_210_4, 3213.935, 3.943, -4.206
FS_15_210_5, 3213.855, 3.862, -4.287
FS_15_210_6, 3213.3, 3.308, -4.841
FS_15_210_7, 3214.767, 4.774, -3.375
FS_15_210_9, 3214.23, 4.238, -3.911
FS_15_h10_168_3, 3225.853, 13.514, 7.711
FS_15_h10_168_5, 3227.225, 14.887, 9.084
FS_16_126_0, 3641.273, 0.0, -5.979
FS_16_126_3, 3641.113, -0.16, -6.139
FS_16_126_4, 3641.26, -0.014, -5.992
FS_16_126_5, 3641.581, 0.308, -5.671
FS_16_126_6, 3641.85, 0.577, -5.402
FS_16_126_7, 3642.09, 0.816, -5.162
FS_16_126_9, 3642.705, 1.431, -4.547
FS_16_168_0, 3635.513, 0.0, -11.739
FS_16_168_3, 3636.04, 0.527, -11.212
FS_16_168_4, 3635.578, 0.065, -11.673
FS_16_168_5, 3636.852, 1.339, -10.4
FS_16_168_6, 3637.018, 1.505, -10.234
FS_16_168_7, 3638.076, 2.563, -9.176
FS_16_168_9, 3637.921, 2.408, -9.331
FS_16_210_0, 3628.953, 0.0, -18.299
FS_16_210_3, 3630.437, 1.483, -16.815
FS_16_210_4, 3631.133, 2.179, -16.119
FS_16_210_5, 3630.161, 1.208, -17.091
FS_16_210_6, 3630.397, 1.443, -16.855
FS_16_210_7, 3631.819, 2.866, -15.433
FS_16_210_9, 3634.457, 5.504, -12.795
FS_16_h10_168_5, 3642.557, 7.044, -4.695
FS_16_h20_168_3, 3662.815, 27.302, 15.563
FS_16_h20_168_5, 3662.687, 27.174, 15.435
FS_16_h20_168_7, 3664.358, 28.845, 17.107
FS_17_126_0, 3282.388, 0.0, -7.369
FS_17_126_3, 3282.761, 0.373, -6.995
FS_17_126_4, 3283.07, 0.682, -6.687
FS_17_126_5, 3283.333, 0.945, -6.424
FS_17_126_6, 3283.636, 1.248, -6.121
FS_17_126_7, 3283.914, 1.525, -5.843
FS_17_126_9, 3284.925, 2.536, -4.832
FS_17_168_0, 3276.7, 0.0, -13.057
FS_17_168_3, 3278.679, 1.979, -11.078
FS_17_168_4, 3278.263, 1.563, -11.494
FS_17_168_5, 3279.299, 2.598, -10.458
FS_17_168_6, 3279.5, 2.8, -10.257
FS_17_168_7, 3280.476, 3.776, -9.281
FS_17_168_9, 3281.674, 4.974, -8.083
FS_17_210_0, 3271.278, 0.0, -18.479
FS_17_210_3, 3272.852, 1.574, -16.905
FS_17_210_4, 3273.172, 1.894, -16.585
FS_17_210_5, 3274.075, 2.797, -15.682
FS_17_210_6, 3274.946, 3.668, -14.811
FS_17_210_7, 3275.205, 3.927, -14.552
FS_17_210_9, 3275.242, 3.964, -14.515
FS_17_h10_168_3, 3286.935, 10.235, -2.822
FS_17_h10_168_5, 3288.98, 12.28, -0.777
FS_17_h20_168_5, 3325.05, 48.35, 35.293
FS_17_h20_168_7, 3324.813, 48.112, 35.056
FS_18_126_0, 3276.164, 0.0, -4.904
FS_18_126_3, 3276.706, 0.542, -4.362
FS_18_126_4, 3276.951, 0.787, -4.117
FS_18_126_5, 3277.211, 1.047, -3.857
FS_18_126_6, 3277.421, 1.257, -3.647
FS_18_126_7, 3277.638, 1.474, -3.43
FS_18_126_9, 3278.419, 2.255, -2.65
FS_18_168_0, 3271.163, 0.0, -9.906
FS_18_168_3, 3274.07, 2.907, -6.998
FS_18_168_4, 3274.327, 3.164, -6.742
FS_18_168_5, 3274.881, 3.719, -6.187
FS_18_168_6, 3275.03, 3.867, -6.039
FS_18_168_7, 3275.07, 3.907, -5.999
FS_18_168_9, 3276.14, 4.977, -4.928
FS_18_210_0, 3264.962, 0.0, -16.106
FS_18_210_3, 3265.838, 0.876, -15.231
FS_18_210_4, 3267.453, 2.491, -13.616
FS_18_210_5, 3269.458, 4.496, -11.61
FS_18_210_6, 3269.909, 4.947, -11.159
FS_18_210_7, 3271.421, 6.459, -9.647
FS_18_210_9, 3273.175, 8.213, -7.893
FS_18_210_7, 3271.421, 6.459, -9.647
FS_18_210_9, 3273.175, 8.213, -7.893
FS_18_h20_168_3, 3296.734, 25.572, 15.666
FS_18_h20_168_5, 3297.7, 26.537, 16.632
FS_19_126_0, 2970.339, 0.0, -4.865
FS_19_126_3, 2970.999, 0.66, -4.205
FS_19_126_4, 2971.25, 0.911, -3.954
FS_19_126_5, 2971.324, 0.985, -3.88
FS_19_126_6, 2971.45, 1.111, -3.755
FS_19_126_7, 2971.634, 1.295, -3.57
FS_19_126_9, 2971.879, 1.54, -3.325
FS_19_168_0, 2965.679, 0.0, -9.525
FS_19_168_3, 2966.084, 0.405, -9.121
FS_19_168_4, 2967.714, 2.035, -7.49
FS_19_168_5, 2968.279, 2.6, -6.926
FS_19_168_6, 2968.44, 2.761, -6.765
FS_19_168_7, 2968.459, 2.78, -6.746
FS_19_168_9, 2969.321, 3.642, -5.883
FS_19_210_0, 2957.571, 0.0, -17.633
FS_19_210_3, 2958.438, 0.867, -16.766
FS_19_210_4, 2958.316, 0.745, -16.888
FS_19_210_5, 2958.548, 0.977, -16.656
FS_19_210_6, 2961.821, 4.249, -13.383
FS_19_210_7, 2964.067, 6.496, -11.137
FS_19_210_9, 2966.705, 9.134, -8.499
FS_19_h10_168_3, 2977.589, 11.91, 2.384
FS_19_h10_168_5, 2978.701, 13.022, 3.497
FS_19_h20_168_3, 3024.362, 58.683, 49.157
FS_19_h20_168_5, 3025.472, 59.793, 50.268
FS_19_h20_168_7, 3026.184, 60.505, 50.979
FS_20_126_0, 3602.618, 0.0, -8.693
FS_20_126_3, 3602.872, 0.254, -8.439
FS_20_126_4, 3603.059, 0.44, -8.253
FS_20_126_5, 3603.365, 0.747, -7.946
FS_20_126_6, 3603.678, 1.06, -7.634
FS_20_126_7, 3603.839, 1.221, -7.472
FS_20_126_9, 3604.167, 1.549, -7.144
FS_20_168_0, 3596.066, 0.0, -15.245
FS_20_168_3, 3596.322, 0.255, -14.99
FS_20_168_4, 3596.709, 0.643, -14.602
FS_20_168_5, 3596.72, 0.654, -14.592
FS_20_168_6, 3597.714, 1.648, -13.598
FS_20_168_7, 3597.639, 1.573, -13.672
FS_20_168_9, 3597.383, 1.317, -13.929
FS_20_210_0, 3589.356, 0.0, -21.955
FS_20_210_3, 3586.791, -2.565, -24.52
FS_20_210_4, 3587.018, -2.338, -24.294
FS_20_210_5, 3588.353, -1.003, -22.959
FS_20_210_6, 3589.623, 0.267, -21.688
FS_20_210_7, 3589.549, 0.193, -21.762
FS_20_210_9, 3589.994, 0.638, -21.317
FS_20_h20_168_3, 3614.464, 18.398, 3.152
FS_20_h20_168_5, 3616.607, 20.541, 5.296
FS_20_h20_168_7, 3617.514, 21.448, 6.202
FS_21_126_0, 3244.837, 0.0, -8.726
FS_21_126_3, 3245.078, 0.241, -8.485
FS_21_126_4, 3245.332, 0.495, -8.231
FS_21_126_5, 3245.641, 0.804, -7.922
FS_21_126_6, 3245.946, 1.109, -7.617
FS_21_126_7, 3246.224, 1.387, -7.339
FS_21_126_9, 3246.612, 1.775, -6.951
FS_21_168_0, 3238.521, 0.0, -15.041
FS_21_168_3, 3239.305, 0.784, -14.258
FS_21_168_4, 3239.461, 0.939, -14.102
FS_21_168_5, 3239.776, 1.255, -13.786
FS_21_168_6, 3240.591, 2.07, -12.971
FS_21_168_7, 3240.847, 2.325, -12.716
FS_21_168_9, 3240.451, 1.93, -13.112
FS_21_210_0, 3231.265, 0.0, -22.297
FS_21_210_3, 3231.87, 0.605, -21.693
FS_21_210_4, 3232.573, 1.307, -20.99
FS_21_210_5, 3231.647, 0.381, -21.916
FS_21_210_6, 3234.377, 3.111, -19.186
FS_21_210_7, 3235.218, 3.952, -18.345
FS_21_210_9, 3234.644, 3.379, -18.919
FS_21_h10_168_3, 3244.954, 3244.454, -8.609
FS_21_h10_168_5, 3246.157, 3245.657, -7.406
FS_21_h20_168_7, 3275.319, 3274.819, 21.756
FS_22_126_0, 3236.298, 0.0, -5.995
FS_22_126_3, 3236.754, 0.456, -5.539
FS_22_126_4, 3237.049, 0.75, -5.245
FS_22_126_5, 3237.212, 0.914, -5.082
FS_22_126_6, 3237.359, 1.061, -4.934
FS_22_126_7, 3237.612, 1.314, -4.681
FS_22_126_9, 3238.212, 1.914, -4.082
FS_22_168_0, 3230.876, 0.0, -11.418
FS_22_168_3, 3232.899, 2.023, -9.395
FS_22_168_4, 3233.006, 2.13, -9.288
FS_22_168_5, 3233.657, 2.781, -8.637
FS_22_168_6, 3233.753, 2.877, -8.541
FS_22_168_7, 3234.385, 3.51, -7.908
FS_22_168_9, 3234.629, 3.753, -7.664
FS_22_210_0, 3225.324, 0.0, -16.969
FS_22_210_3, 3226.184, 0.86, -16.109
FS_22_210_4, 3227.529, 2.205, -14.764
FS_22_210_5, 3228.957, 3.632, -13.337
FS_22_210_6, 3229.051, 3.726, -13.243
FS_22_210_7, 3230.325, 5.001, -11.968
FS_22_210_9, 3231.447, 6.123, -10.846
FS_22_h10_168_3, 3235.78, 4.905, -6.513
FS_22_h10_168_5, 3237.023, 6.148, -5.27
FS_22_h20_168_5, 3253.666, 22.79, 11.372
FS_22_h20_168_7, 3254.64, 23.765, 12.347
FS_23_126_0, 2938.83, 0.0, -5.598
FS_23_126_3, 2939.369, 0.539, -5.059
FS_23_126_4, 2939.611, 0.781, -4.817
FS_23_126_5, 2939.76, 0.93, -4.668
FS_23_126_6, 2939.888, 1.058, -4.539
FS_23_126_7, 2939.87, 1.04, -4.558
FS_23_126_9, 2939.679, 0.849, -4.748
FS_23_168_0, 2934.399, 0.0, -10.028
FS_23_168_3, 2935.536, 1.137, -8.891
FS_23_168_4, 2935.282, 0.883, -9.146
FS_23_168_5, 2936.282, 1.883, -8.145
FS_23_168_6, 2936.771, 2.372, -7.656
FS_23_168_7, 2936.502, 2.103, -7.925
FS_23_168_9, 2936.798, 2.399, -7.629
FS_23_210_0, 2927.657, 0.0, -16.771
FS_23_210_3, 2926.0, -1.656, -18.427
FS_23_210_4, 2926.628, -1.029, -17.8
FS_23_210_5, 2927.873, 0.216, -16.555
FS_23_210_6, 2931.499, 3.843, -12.928
FS_23_210_7, 2931.865, 4.209, -12.562
FS_23_210_9, 2933.741, 6.084, -10.687
FS_23_h20_168_5, 2980.073, 45.673, 35.645
FS_23_h20_168_7, 2979.215, 44.815, 34.787
FS_24_126_0, 3727.316, 0.0, -3.687
FS_24_126_3, 3727.455, 0.139, -3.548
FS_24_126_4, 3727.783, 0.467, -3.22
FS_24_126_5, 3728.009, 0.693, -2.994
FS_24_126_6, 3728.364, 1.048, -2.639
FS_24_126_7, 3728.821, 1.505, -2.182
FS_24_126_9, 3729.734, 2.419, -1.268
FS_24_168_0, 3723.698, 0.0, -7.305
FS_24_168_3, 3724.545, 0.847, -6.458
FS_24_168_4, 3724.81, 1.112, -6.193
FS_24_168_5, 3725.766, 2.068, -5.237
FS_24_168_6, 3725.633, 1.935, -5.37
FS_24_168_7, 3726.861, 3.163, -4.142
FS_24_168_9, 3727.831, 4.133, -3.172
FS_24_210_0, 3722.433, 0.0, -8.57
FS_24_210_3, 3722.859, 0.427, -8.143
FS_24_210_4, 3721.357, -1.076, -9.646
FS_24_210_5, 3724.724, 2.292, -6.279
FS_24_210_6, 3721.358, -1.074, -9.645
FS_24_210_7, 3723.267, 0.834, -7.736
FS_24_210_9, 3722.619, 0.186, -8.384
FS_24_h10_168_3, 3733.182, 9.485, 2.18
FS_24_h10_168_5, 3733.443, 9.745, 2.44
FS_25_126_0, 3371.816, 0.0, -4.207
FS_25_126_3, 3372.317, 0.502, -3.706
FS_25_126_4, 3372.581, 0.765, -3.442
FS_25_126_5, 3372.691, 0.876, -3.332
FS_25_126_6, 3373.115, 1.299, -2.908
FS_25_126_7, 3373.384, 1.568, -2.639
FS_25_126_9, 3374.314, 2.499, -1.709
FS_25_168_0, 3368.48, 0.0, -7.543
FS_25_168_3, 3369.459, 0.98, -6.564
FS_25_168_4, 3369.376, 0.897, -6.647
FS_25_168_5, 3369.731, 1.252, -6.292
FS_25_168_6, 3371.486, 3.007, -4.537
FS_25_168_7, 3371.614, 3.135, -4.409
FS_25_168_9, 3372.712, 4.232, -3.311
FS_25_210_0, 3365.431, 0.0, -10.592
FS_25_210_3, 3366.646, 1.216, -9.377
FS_25_210_4, 3365.663, 0.232, -10.36
FS_25_210_5, 3368.203, 2.772, -7.82
FS_25_210_6, 3367.738, 2.307, -8.285
FS_25_210_7, 3368.475, 3.044, -7.548
FS_25_210_9, 3368.673, 3.242, -7.35
FS_25_h10_168_3, 3381.597, 13.117, 5.574
FS_25_h10_168_5, 3382.454, 13.975, 6.431
FS_26_126_0, 3361.418, 0.0, -3.079
FS_26_126_3, 3361.793, 0.375, -2.704
FS_26_126_4, 3362.241, 0.824, -2.255
FS_26_126_5, 3362.405, 0.988, -2.091
FS_26_126_6, 3362.444, 1.026, -2.052
FS_26_126_7, 3362.633, 1.215, -1.864
FS_26_126_9, 3363.439, 2.021, -1.058
FS_26_168_0, 3360.161, 0.0, -4.335
FS_26_168_3, 3361.297, 1.136, -3.199
FS_26_168_4, 3361.545, 1.384, -2.951
FS_26_168_5, 3361.817, 1.656, -2.68
FS_26_168_6, 3362.054, 1.893, -2.443
FS_26_168_7, 3362.211, 2.05, -2.286
FS_26_168_9, 3362.809, 2.648, -1.687
FS_26_210_0, 3352.827, 0.0, -11.67
FS_26_210_3, 3356.544, 3.717, -7.953
FS_26_210_4, 3357.238, 4.411, -7.258
FS_26_210_5, 3359.124, 6.297, -5.373
FS_26_210_6, 3359.845, 7.018, -4.652
FS_26_210_7, 3359.284, 6.458, -5.212
FS_26_210_9, 3360.298, 7.471, -4.199
FS_26_h10_168_3, 3362.459, 2.298, -2.037
FS_26_h10_168_5, 3363.396, 3.235, -1.101
FS_27_126_0, 3048.944, 0.0, -2.598
FS_27_126_3, 3049.24, 0.296, -2.302
FS_27_126_4, 3049.504, 0.56, -2.038
FS_27_126_5, 3049.676, 0.732, -1.866
FS_27_126_6, 3049.76, 0.817, -1.781
FS_27_126_7, 3049.552, 0.609, -1.989
FS_27_126_9, 3049.385, 0.441, -2.157
FS_27_168_0, 3045.969, 0.0, -5.573
FS_27_168_3, 3044.766, -1.203, -6.775
FS_27_168_4, 3045.677, -0.291, -5.864
FS_27_168_5, 3047.081, 1.112, -4.461
FS_27_168_6, 3046.382, 0.413, -5.16
FS_27_168_7, 3047.359, 1.39, -4.183
FS_27_168_9, 3049.128, 3.159, -2.414
FS_27_210_0, 3040.068, 0.0, -11.474
FS_27_210_3, 3042.127, 2.059, -9.414
FS_27_210_4, 3038.588, -1.48, -12.953
FS_27_210_5, 3039.733, -0.335, -11.809
FS_27_210_6, 3041.937, 1.869, -9.605
FS_27_210_7, 3043.088, 3.02, -8.453
FS_27_210_9, 3048.121, 8.053, -3.42
FS_27_h10_168_3, 3058.881, 12.913, 7.34
FS_27_h10_168_5, 3059.632, 13.663, 8.09
FS_28_126_0, 3198.826, 0.0, -4.583
FS_28_126_3, 3199.275, 0.449, -4.134
FS_28_126_4, 3199.484, 0.657, -3.926
FS_28_126_5, 3199.707, 0.881, -3.702
FS_28_126_6, 3199.907, 1.081, -3.502
FS_28_126_7, 3200.177, 1.351, -3.233
FS_28_126_9, 3200.69, 1.864, -2.719
FS_28_168_0, 3192.708, 0.0, -10.702
FS_28_168_3, 3195.004, 2.297, -8.405
FS_28_168_4, 3196.004, 3.297, -7.405
FS_28_168_5, 3196.69, 3.982, -6.719
FS_28_168_6, 3196.689, 3.981, -6.72
FS_28_168_7, 3197.023, 4.315, -6.387
FS_28_168_9, 3197.735, 5.028, -5.674
FS_28_210_0, 3189.949, 0.0, -13.461
FS_28_210_3, 3188.627, -1.322, -14.783
FS_28_210_4, 3191.138, 1.19, -12.271
FS_28_210_5, 3192.599, 2.65, -10.81
FS_28_210_6, 3193.837, 3.888, -9.573
FS_28_210_7, 3193.825, 3.877, -9.584
FS_28_210_9, 3195.291, 5.342, -8.119
FS_28_h10_168_3, 3203.72, 11.013, 0.311
FS_28_h20_168_5, 3240.319, 47.611, 36.909
FS_28_h20_168_7, 3241.681, 48.973, 38.272
FS_29_126_0, 3201.544, 0.0, -5.257
FS_29_126_3, 3201.792, 0.248, -5.009
FS_29_126_4, 3202.042, 0.498, -4.76
FS_29_126_5, 3202.463, 0.919, -4.338
FS_29_126_6, 3202.735, 1.191, -4.066
FS_29_126_7, 3203.005, 1.461, -3.796
FS_29_126_9, 3203.375, 1.831, -3.426
FS_29_168_0, 3196.773, 0.0, -10.028
FS_29_168_3, 3196.166, -0.607, -10.635
FS_29_168_4, 3197.296, 0.523, -9.505
FS_29_168_5, 3198.064, 1.291, -8.737
FS_29_168_6, 3198.133, 1.36, -8.668
FS_29_168_7, 3198.754, 1.981, -8.047
FS_29_168_9, 3199.476, 2.703, -7.325
FS_29_210_0, 3193.673, 0.0, -13.128
FS_29_210_3, 3193.556, -0.117, -13.245
FS_29_210_4, 3196.317, 2.644, -10.484
FS_29_210_5, 3195.753, 2.08, -11.048
FS_29_210_6, 3196.6, 2.927, -10.202
FS_29_210_7, 3197.725, 4.052, -9.076
FS_29_210_9, 3197.417, 3.744, -9.384
FS_29_h10_168_3, 3205.913, 9.141, -0.888
FS_29_h10_168_5, 3206.889, 10.116, 0.087
FS_29_h20_168_5, 3246.647, 49.874, 39.846
FS_29_h20_168_7, 3247.303, 50.53, 40.502
FS_30_126_0, 3117.795, 0.0, -4.727
FS_30_126_3, 3118.383, 0.588, -4.139
FS_30_126_4, 3118.617, 0.822, -3.905
FS_30_126_5, 3118.828, 1.033, -3.694
FS_30_126_6, 3118.998, 1.203, -3.524
FS_30_126_7, 3119.315, 1.52, -3.207
FS_30_126_9, 3119.846, 2.051, -2.676
FS_30_168_0, 3111.65, 0.0, -10.872
FS_30_168_3, 3114.122, 2.471, -8.4
FS_30_168_4, 3115.163, 3.513, -7.359
FS_30_168_5, 3115.677, 4.027, -6.845
FS_30_168_6, 3115.854, 4.204, -6.668
FS_30_168_7, 3116.01, 4.36, -6.512
FS_30_168_9, 3116.538, 4.888, -5.984
FS_30_210_0, 3108.302, 0.0, -14.22
FS_30_210_3, 3105.058, -3.243, -17.464
FS_30_210_4, 3108.639, 0.337, -13.884
FS_30_210_5, 3111.292, 2.99, -11.23
FS_30_210_6, 3111.57, 3.268, -10.952
FS_30_210_7, 3112.964, 4.662, -9.558
FS_30_210_9, 3114.127, 5.825, -8.396
FS_30_h10_168_3, 3123.135, 11.485, 0.613
FS_30_h10_168_5, 3124.334, 12.683, 1.812
FS_30_h20_168_5, 3164.218, 52.567, 41.696
FS_30_h20_168_7, 3164.395, 52.744, 41.872
FS_31_126_0, 3036.548, 0.0, -4.552
FS_31_126_3, 3037.366, 0.818, -3.733
FS_31_126_4, 3037.678, 1.13, -3.422
FS_31_126_5, 3037.806, 1.259, -3.293
FS_31_126_6, 3037.947, 1.399, -3.152
FS_31_126_7, 3038.054, 1.507, -3.045
FS_31_126_9, 3038.358, 1.811, -2.741
FS_31_168_0, 3031.083, 0.0, -10.016
FS_31_168_3, 3033.185, 2.102, -7.914
FS_31_168_4, 3033.825, 2.741, -7.275
FS_31_168_5, 3034.609, 3.526, -6.49
FS_31_168_6, 3035.366, 4.283, -5.734
FS_31_168_7, 3035.672, 4.589, -5.427
FS_31_168_9, 3036.081, 4.998, -5.018
FS_31_210_0, 3024.907, 0.0, -16.193
FS_31_210_3, 3026.378, 1.471, -14.721
FS_31_210_4, 3027.561, 2.654, -13.539
FS_31_210_5, 3028.341, 3.435, -12.758
FS_31_210_6, 3028.694, 3.787, -12.405
FS_31_210_7, 3029.431, 4.524, -11.669
FS_31_210_9, 3034.007, 9.101, -7.092
FS_31_h10_168_3, 3041.658, 10.574, 0.558
FS_31_h10_168_5, 3044.292, 13.209, 3.192
FS_31_h20_168_5, 3086.544, 55.46, 45.444
FS_31_h20_168_7, 3087.566, 56.482, 46.466
FS_32_126_0, 3276.318, 0.0, -4.592
FS_32_126_3, 3276.706, 0.388, -4.205
FS_32_126_4, 3277.028, 0.71, -3.882
FS_32_126_5, 3277.265, 0.947, -3.645
FS_32_126_6, 3277.516, 1.198, -3.394
FS_32_126_7, 3277.677, 1.359, -3.233
FS_32_126_9, 3278.326, 2.008, -2.584
FS_32_168_0, 3271.851, 0.0, -9.06
FS_32_168_3, 3272.887, 1.036, -8.024
FS_32_168_4, 3274.035, 2.184, -6.875
FS_32_168_5, 3274.617, 2.766, -6.294
FS_32_168_6, 3274.68, 2.829, -6.231
FS_32_168_7, 3274.802, 2.951, -6.108
FS_32_168_9, 3275.971, 4.12, -4.94
FS_32_210_0, 3266.218, 0.0, -14.692
FS_32_210_3, 3267.015, 0.797, -13.896
FS_32_210_4, 3268.73, 2.512, -12.18
FS_32_210_5, 3271.001, 4.783, -9.91
FS_32_210_6, 3272.177, 5.96, -8.733
FS_32_210_7, 3272.387, 6.169, -8.523
FS_32_210_9, 3273.614, 7.396, -7.296
FS_32_h10_168_3, 3280.748, 8.897, -0.162
FS_32_h10_168_5, 3282.08, 10.229, 1.17
FS_32_h20_168_5, 3313.826, 41.975, 32.916
FS_32_h20_168_7, 3315.894, 44.043, 34.984
FS_33_126_0, 3466.153, 0.0, -5.318
FS_33_126_3, 3466.522, 0.368, -4.95
FS_33_126_4, 3466.771, 0.618, -4.7
FS_33_126_5, 3466.953, 0.799, -4.519
FS_33_126_6, 3467.212, 1.059, -4.259
FS_33_126_7, 3467.502, 1.349, -3.969
FS_33_126_9, 3468.26, 2.106, -3.212
FS_33_168_0, 3460.965, 0.0, -10.507
FS_33_168_3, 3462.37, 1.405, -9.101
FS_33_168_4, 3462.754, 1.789, -8.718
FS_33_168_5, 3463.325, 2.36, -8.146
FS_33_168_6, 3463.854, 2.889, -7.617
FS_33_168_7, 3464.246, 3.281, -7.225
FS_33_168_9, 3464.937, 3.972, -6.534
FS_33_210_0, 3457.017, 0.0, -14.455
FS_33_210_3, 3457.585, 0.569, -13.886
FS_33_210_4, 3458.458, 1.442, -13.013
FS_33_210_5, 3459.804, 2.788, -11.667
FS_33_210_6, 3458.282, 1.265, -13.19
FS_33_210_7, 3460.249, 3.232, -11.223
FS_33_210_9, 3460.489, 3.473, -10.982
FS_33_h10_168_3, 3469.534, 8.569, -1.938
FS_33_h10_168_5, 3470.2, 9.236, -1.271
FS_33_h20_168_5, 3495.256, 34.291, 23.784
FS_33_h20_168_7, 3496.333, 35.368, 24.861
FS_34_126_0, 3121.299, 0.0, -2.309
FS_34_126_3, 3121.577, 0.278, -2.03
FS_34_126_4, 3121.804, 0.505, -1.803
FS_34_126_5, 3121.92, 0.621, -1.687
FS_34_126_6, 3122.22, 0.922, -1.387
FS_34_126_7, 3122.18, 0.881, -1.427
FS_34_126_9, 3122.615, 1.316, -0.993
FS_34_168_0, 3117.485, 0.0, -6.123
FS_34_168_3, 3117.032, -0.453, -6.575
FS_34_168_4, 3117.69, 0.206, -5.917
FS_34_168_5, 3118.107, 0.622, -5.501
FS_34_168_6, 3118.538, 1.053, -5.069
FS_34_168_7, 3119.097, 1.612, -4.511
FS_34_168_9, 3120.081, 2.596, -3.527
FS_34_210_0, 3115.049, 0.0, -8.559
FS_34_210_3, 3117.146, 2.097, -6.462
FS_34_210_4, 3117.85, 2.801, -5.757
FS_34_210_5, 3118.06, 3.011, -5.548
FS_34_210_6, 3118.647, 3.598, -4.961
FS_34_210_7, 3118.335, 3.287, -5.272
FS_34_210_9, 3120.82, 5.771, -2.787
FS_34_h10_126_5, 3130.594, 9.295, 6.987
FS_34_h10_168_0, 3125.582, 8.098, 1.975
FS_34_h10_168_3, 3125.728, 8.244, 2.121
FS_34_h10_168_4, 3126.263, 8.779, 2.656
FS_34_h10_168_5, 3127.105, 9.621, 3.498
FS_34_h10_168_6, 3127.847, 10.363, 4.24
FS_34_h10_168_7, 3128.337, 10.853, 4.73
FS_34_h10_210_5, 3126.608, 11.559, 3.001
FS_34_h20_126_5, 3165.812, 44.513, 42.204
FS_34_h20_168_0, 3159.227, 41.742, 35.62
FS_34_h20_168_3, 3161.483, 43.998, 37.876
FS_34_h20_168_4, 3162.252, 44.767, 38.644
FS_34_h20_168_5, 3162.832, 45.347, 39.224
FS_34_h20_168_9, 3165.575, 48.09, 41.967
FS_34_h20_210_5, 3161.808, 46.759, 38.2
FS_35_126_0, 3189.945, 0.0, -5.156
FS_35_126_3, 3190.336, 0.391, -4.765
FS_35_126_4, 3190.529, 0.584, -4.572
FS_35_126_5, 3190.805, 0.86, -4.296
FS_35_126_6, 3190.961, 1.016, -4.14
FS_35_126_7, 3191.31, 1.365, -3.791
FS_35_126_9, 3191.858, 1.914, -3.242
FS_35_168_0, 3184.168, 0.0, -10.933
FS_35_168_3, 3186.63, 2.462, -8.471
FS_35_168_4, 3186.854, 2.687, -8.246
FS_35_168_5, 3187.249, 3.081, -7.852
FS_35_168_6, 3187.613, 3.445, -7.488
FS_35_168_7, 3187.737, 3.57, -7.363
FS_35_168_9, 3188.696, 4.529, -6.404
FS_35_210_0, 3183.212, 0.0, -11.889
FS_35_210_3, 3183.299, 0.087, -11.802
FS_35_210_4, 3185.101, 1.889, -10.0
FS_35_210_5, 3185.691, 2.479, -9.41
FS_35_210_6, 3186.004, 2.792, -9.096
FS_35_210_7, 3185.772, 2.56, -9.329
FS_35_210_9, 3188.553, 5.341, -6.548
FS_35_h10_168_3, 3193.914, 9.746, -1.187
FS_35_h10_168_5, 3194.688, 10.52, -0.413
FS_35_h20_168_5, 3228.49, 44.322, 33.389
FS_35_h20_168_7, 3229.698, 45.531, 34.597
FS_36_126_0, 3016.966, 0.0, -4.912
FS_36_126_3, 3017.297, 0.332, -4.581
FS_36_126_4, 3017.629, 0.663, -4.249
FS_36_126_5, 3017.673, 0.708, -4.205
FS_36_126_6, 3017.707, 0.742, -4.171
FS_36_126_7, 3017.928, 0.963, -3.95
FS_36_126_9, 3018.565, 1.599, -3.313
FS_36_168_0, 3011.571, 0.0, -10.307
FS_36_168_3, 3013.842, 2.27, -8.036
FS_36_168_4, 3013.992, 2.42, -7.886
FS_36_168_5, 3013.692, 2.121, -8.186
FS_36_168_6, 3013.881, 2.309, -7.997
FS_36_168_7, 3014.603, 3.032, -7.275
FS_36_168_9, 3015.034, 3.462, -6.844
FS_36_210_0, 3009.502, 0.0, -12.376
FS_36_210_3, 3011.379, 1.876, -10.499
FS_36_210_4, 3012.627, 3.125, -9.251
FS_36_210_5, 3012.156, 2.654, -9.722
FS_36_210_6, 3011.278, 1.775, -10.6
FS_36_210_7, 3012.327, 2.824, -9.551
FS_36_210_9, 3014.202, 4.7, -7.676
FS_36_h10_168_3, 3021.323, 9.752, -0.555
FS_36_h10_168_5, 3021.599, 10.028, -0.279
FS_36_h20_168_5, 3063.196, 51.624, 41.318
FS_36_h20_168_7, 3064.796, 53.225, 42.918
FS_37_126_0, 3351.945, 0.0, -6.218
FS_37_126_3, 3352.256, 0.311, -5.906
FS_37_126_4, 3352.457, 0.513, -5.705
FS_37_126_5, 3352.72, 0.776, -5.442
FS_37_126_6, 3352.927, 0.982, -5.236
FS_37_126_7, 3353.104, 1.159, -5.058
FS_37_126_9, 3353.713, 1.768, -4.45
FS_37_168_0, 3346.556, 0.0, -11.607
FS_37_168_3, 3347.982, 1.426, -10.18
FS_37_168_4, 3348.462, 1.905, -9.701
FS_37_168_5, 3348.936, 2.38, -9.227
FS_37_168_6, 3349.334, 2.778, -8.828
FS_37_168_7, 3349.268, 2.712, -8.895
FS_37_168_9, 3350.122, 3.566, -8.041
FS_37_210_0, 3340.805, 0.0, -17.358
FS_37_210_3, 3344.227, 3.423, -13.935
FS_37_210_4, 3346.136, 5.331, -12.027
FS_37_210_5, 3347.3, 6.495, -10.863
FS_37_210_6, 3345.695, 4.891, -12.467
FS_37_210_7, 3346.688, 5.884, -11.474
FS_37_210_9, 3347.378, 6.574, -10.784
FS_37_h10_168_3, 3356.06, 9.504, -2.102
FS_37_h10_168_5, 3356.287, 9.731, -1.875
FS_37_h20_168_5, 3386.991, 40.435, 28.828
FS_38_126_0, 3378.898, 0.0, -7.173
FS_38_126_3, 3379.271, 0.374, -6.799
FS_38_126_4, 3379.46, 0.563, -6.61
FS_38_126_5, 3379.692, 0.795, -6.378
FS_38_126_6, 3379.87, 0.973, -6.2
FS_38_126_7, 3380.109, 1.211, -5.962
FS_38_126_9, 3380.522, 1.625, -5.548
FS_38_168_0, 3372.717, 0.0, -13.353
FS_38_168_3, 3374.313, 1.595, -11.758
FS_38_168_4, 3374.887, 2.169, -11.184
FS_38_168_5, 3375.359, 2.642, -10.712
FS_38_168_6, 3375.535, 2.817, -10.536
FS_38_168_7, 3375.987, 3.27, -10.084
FS_38_168_9, 3376.612, 3.894, -9.459
FS_38_210_0, 3368.157, 0.0, -17.914
FS_38_210_3, 3370.321, 2.164, -15.75
FS_38_210_4, 3370.389, 2.232, -15.682
FS_38_210_5, 3372.406, 4.249, -13.665
FS_38_210_6, 3371.949, 3.792, -14.122
FS_38_210_7, 3371.608, 3.451, -14.463
FS_38_210_9, 3371.892, 3.735, -14.178
FS_38_h10_168_3, 3381.797, 9.08, -4.273
FS_38_h10_168_5, 3382.728, 10.011, -3.343
FS_38_h20_168_5, 3417.745, 45.028, 31.675
FS_38_h20_168_7, 3418.872, 46.155, 32.802
FS_39_126_0, 3441.287, 0.0, -7.656
FS_39_126_3, 3441.5, 0.213, -7.443
FS_39_126_4, 3441.578, 0.291, -7.366
FS_39_126_5, 3441.751, 0.464, -7.192
FS_39_126_6, 3441.872, 0.585, -7.072
FS_39_126_7, 3442.031, 0.744, -6.912
FS_39_126_9, 3442.29, 1.003, -6.653
FS_39_168_0, 3435.098, 0.0, -13.846
FS_39_168_3, 3436.061, 0.963, -12.882
FS_39_168_4, 3436.613, 1.515, -12.33
FS_39_168_5, 3436.822, 1.724, -12.121
FS_39_168_6, 3437.018, 1.92, -11.925
FS_39_168_7, 3437.182, 2.084, -11.761
FS_39_168_9, 3437.209, 2.111, -11.735
FS_39_210_0, 3430.06, 0.0, -18.883
FS_39_210_3, 3430.658, 0.597, -18.286
FS_39_210_4, 3429.761, -0.3, -19.183
FS_39_210_5, 3431.316, 1.256, -17.627
FS_39_210_6, 3433.593, 3.533, -15.35
FS_39_210_7, 3432.063, 2.002, -16.881
FS_39_210_9, 3431.008, 0.948, -17.935
FS_39_h10_168_3, 3434.048, -1.05, -14.896
FS_39_h10_168_5, 3434.673, -0.425, -14.27
FS_39_h20_168_5, 3469.274, 34.176, 20.33
FS_39_h20_168_7, 3470.265, 35.167, 21.322
FS_40_126_0, 3560.858, 0.0, -6.272
FS_40_126_3, 3560.872, 0.015, -6.258
FS_40_126_4, 3560.944, 0.087, -6.185
FS_40_126_5, 3561.07, 0.213, -6.059
FS_40_126_6, 3561.332, 0.475, -5.798
FS_40_126_7, 3561.517, 0.659, -5.613
FS_40_126_9, 3562.127, 1.269, -5.003
FS_40_168_0, 3555.453, 0.0, -11.676
FS_40_168_3, 3556.364, 0.91, -10.766
FS_40_168_4, 3556.493, 1.039, -10.637
FS_40_168_5, 3556.787, 1.333, -10.343
FS_40_168_6, 3556.992, 1.539, -10.138
FS_40_168_7, 3557.231, 1.778, -9.899
FS_40_168_9, 3558.246, 2.793, -8.884
FS_40_210_0, 3548.554, 0.0, -18.576
FS_40_210_3, 3551.464, 2.91, -15.666
FS_40_210_4, 3550.468, 1.914, -16.662
FS_40_210_5, 3552.746, 4.192, -14.384
FS_40_210_6, 3552.654, 4.1, -14.476
FS_40_210_7, 3553.408, 4.854, -13.722
FS_40_210_9, 3555.412, 6.859, -11.717
FS_40_h10_168_3, 3561.685, 6.232, -5.444
FS_40_h10_168_5, 3562.573, 7.12, -4.557
FS_41_126_0, 3204.6, 0.0, -6.306
FS_41_126_3, 3205.038, 0.438, -5.867
FS_41_126_4, 3205.239, 0.639, -5.667
FS_41_126_5, 3205.419, 0.819, -5.487
FS_41_126_6, 3205.563, 0.963, -5.342
FS_41_126_7, 3205.864, 1.264, -5.042
FS_41_126_9, 3206.343, 1.743, -4.563
FS_41_168_0, 3199.494, 0.0, -11.412
FS_41_168_3, 3200.908, 1.414, -9.998
FS_41_168_4, 3201.255, 1.761, -9.651
FS_41_168_5, 3201.223, 1.729, -9.683
FS_41_168_6, 3201.368, 1.874, -9.538
FS_41_168_7, 3201.516, 2.022, -9.39
FS_41_168_9, 3202.198, 2.705, -8.707
FS_41_210_0, 3196.5, 0.0, -14.406
FS_41_210_3, 3197.114, 0.614, -13.792
FS_41_210_4, 3197.921, 1.421, -12.985
FS_41_210_5, 3197.898, 1.398, -13.008
FS_41_210_6, 3197.896, 1.396, -13.01
FS_41_210_7, 3197.253, 0.753, -13.653
FS_41_210_9, 3199.55, 3.05, -11.356
FS_41_h10_168_3, 3209.096, 9.602, -1.81
FS_41_h10_168_5, 3210.83, 11.336, -0.076
FS_41_h20_168_5, 3247.649, 48.156, 36.744
FS_41_h20_168_7, 3250.154, 50.66, 39.248
FS_42_126_0, 3285.808, 0.0, -5.925
FS_42_126_3, 3286.283, 0.475, -5.45
FS_42_126_4, 3286.514, 0.706, -5.219
FS_42_126_5, 3286.728, 0.92, -5.006
FS_42_126_6, 3286.964, 1.156, -4.769
FS_42_126_7, 3287.311, 1.503, -4.422
FS_42_126_9, 3288.043, 2.235, -3.69
FS_42_168_0, 3280.325, 0.0, -11.409
FS_42_168_3, 3282.167, 1.842, -9.566
FS_42_168_4, 3282.837, 2.512, -8.896
FS_42_168_5, 3283.043, 2.718, -8.691
FS_42_168_6, 3283.577, 3.253, -8.156
FS_42_168_7, 3283.804, 3.48, -7.929
FS_42_168_9, 3285.157, 4.833, -6.576
FS_42_210_0, 3277.871, 0.0, -13.862
FS_42_210_3, 3279.275, 1.404, -12.459
FS_42_210_4, 3279.225, 1.354, -12.508
FS_42_210_5, 3280.243, 2.372, -11.49
FS_42_210_6, 3279.948, 2.077, -11.785
FS_42_210_7, 3280.437, 2.566, -11.296
FS_42_210_9, 3282.118, 4.247, -9.615
FS_42_h10_168_3, 3288.861, 8.536, -2.872
FS_42_h10_168_5, 3289.99, 9.666, -1.743
FS_42_h20_168_5, 3321.693, 41.369, 29.96
FS_43_126_0, 3264.044, 0.0, -6.4
FS_43_126_3, 3264.49, 0.447, -5.954
FS_43_126_4, 3264.717, 0.673, -5.727
FS_43_126_5, 3264.953, 0.909, -5.491
FS_43_126_6, 3265.048, 1.004, -5.396
FS_43_126_7, 3265.296, 1.252, -5.148
FS_43_126_9, 3265.827, 1.783, -4.617
FS_43_168_0, 3258.454, 0.0, -11.99
FS_43_168_3, 3259.654, 1.2, -10.79
FS_43_168_4, 3260.143, 1.689, -10.301
FS_43_168_5, 3260.803, 2.349, -9.641
FS_43_168_6, 3260.976, 2.522, -9.468
FS_43_168_7, 3261.621, 3.167, -8.823
FS_43_168_9, 3262.05, 3.596, -8.394
FS_43_210_0, 3252.985, 0.0, -17.46
FS_43_210_3, 3255.709, 2.724, -14.735
FS_43_210_4, 3257.53, 4.546, -12.914
FS_43_210_5, 3257.643, 4.658, -12.801
FS_43_210_6, 3257.884, 4.899, -12.56
FS_43_210_7, 3258.787, 5.802, -11.657
FS_43_210_9, 3260.762, 7.778, -9.682
FS_43_h10_168_3, 3267.855, 9.401, -2.589
FS_43_h10_168_5, 3268.811, 10.357, -1.633
FS_44_126_0, 3250.908, 0.0, -7.007
FS_44_126_3, 3251.179, 0.271, -6.736
FS_44_126_4, 3251.432, 0.524, -6.483
FS_44_126_5, 3251.615, 0.707, -6.3
FS_44_126_6, 3251.73, 0.822, -6.185
FS_44_126_7, 3252.012, 1.104, -5.903
FS_44_126_9, 3252.534, 1.626, -5.381
FS_44_168_0, 3244.999, 0.0, -12.915
FS_44_168_3, 3244.528, -0.471, -13.387
FS_44_168_4, 3245.37, 0.37, -12.545
FS_44_168_5, 3245.677, 0.678, -12.238
FS_44_168_6, 3246.581, 1.582, -11.334
FS_44_168_7, 3247.137, 2.137, -10.778
FS_44_168_9, 3247.898, 2.899, -10.017
FS_44_210_0, 3242.311, 0.0, -15.604
FS_44_210_3, 3243.219, 0.908, -14.695
FS_44_210_4, 3243.319, 1.007, -14.596
FS_44_210_5, 3244.099, 1.787, -13.816
FS_44_210_6, 3244.867, 2.556, -13.047
FS_44_210_7, 3244.099, 1.788, -13.816
FS_44_210_9, 3245.923, 3.612, -11.992
FS_44_h10_168_3, 3253.892, 8.892, -4.023
FS_44_h10_168_5, 3255.603, 10.603, -2.312
FS_44_h20_168_5, 3292.873, 47.874, 34.958
FS_44_h20_168_7, 3293.035, 48.036, 35.12
FS_45_126_0, 3477.802, 0.0, -2.578
FS_45_126_3, 3477.34, -0.462, -3.041
FS_45_126_4, 3478.1, 0.298, -2.28
FS_45_126_5, 3478.116, 0.315, -2.264
FS_45_126_6, 3477.757, -0.045, -2.624
FS_45_126_7, 3477.439, -0.363, -2.941
FS_45_126_9, 3478.1, 0.298, -2.28
FS_45_168_0, 3472.929, 0.0, -7.451
FS_45_168_3, 3471.878, -1.051, -8.503
FS_45_168_4, 3473.497, 0.568, -6.883
FS_45_168_5, 3474.204, 1.275, -6.176
FS_45_168_7, 3475.426, 2.497, -4.954
FS_45_168_9, 3475.799, 2.871, -4.581
FS_45_210_0, 3465.322, 0.0, -15.058
FS_45_210_3, 3465.882, 0.56, -14.498
FS_45_210_4, 3469.568, 4.245, -10.812
FS_45_210_5, 3469.749, 4.427, -10.631
FS_45_210_6, 3473.06, 7.737, -7.321
FS_45_210_7, 3473.079, 7.757, -7.301
FS_45_210_9, 3474.71, 9.388, -5.67
FS_45_h10_126_0, 3492.466, 14.664, 12.086
FS_45_h10_126_3, 3493.152, 15.351, 12.772
FS_45_h10_126_4, 3493.62, 15.818, 13.24
FS_45_h10_126_5, 3493.903, 16.101, 13.522
FS_45_h10_126_6, 3493.664, 15.862, 13.284
FS_45_h10_126_7, 3493.689, 15.887, 13.309
FS_45_h10_126_9, 3493.962, 16.16, 13.581
FS_45_h10_168_0, 3485.538, 12.609, 5.158
FS_45_h10_168_3, 3488.493, 15.564, 8.113
FS_45_h10_168_5, 3488.803, 15.874, 8.423
FS_45_h10_168_6, 3489.293, 16.364, 8.913
FS_45_h10_168_7, 3491.114, 18.186, 10.734
FS_45_h10_168_9, 3492.063, 19.134, 11.683
FS_45_h10_210_0, 3484.958, 19.635, 4.578
FS_45_h10_210_3, 3482.727, 17.405, 2.347
FS_45_h10_210_4, 3485.157, 19.835, 4.777
FS_45_h10_210_5, 3486.529, 21.207, 6.149
FS_45_h10_210_6, 3490.259, 24.937, 9.879
FS_45_h10_210_7, 3488.872, 23.55, 8.492
FS_45_h10_210_9, 3494.318, 28.995, 13.937
FS_45_h20_126_3, 3556.552, 78.75, 76.171
FS_45_h20_126_5, 3557.359, 79.557, 76.979
FS_45_h20_168_0, 3551.873, 78.944, 71.493
FS_45_h20_168_3, 3554.164, 81.235, 73.784
FS_45_h20_168_4, 3556.337, 83.408, 75.957
FS_45_h20_168_5, 3557.069, 84.14, 76.688
FS_45_h20_168_6, 3556.709, 83.78, 76.329
FS_45_h20_168_7, 3557.294, 84.365, 76.913
FS_45_h20_168_9, 3561.805, 88.876, 81.425
FS_45_h20_210_3, 3547.336, 82.013, 66.955
FS_45_h20_210_5, 3548.519, 83.196, 68.138
FS_46_126_0, 3642.36, 0.0, -3.039
FS_46_126_3, 3643.214, 0.854, -2.185
FS_46_126_4, 3643.702, 1.342, -1.697
FS_46_126_5, 3643.923, 1.563, -1.476
FS_46_126_6, 3644.09, 1.73, -1.309
FS_46_126_7, 3644.205, 1.844, -1.195
FS_46_126_9, 3644.68, 2.32, -0.719
FS_46_168_0, 3636.897, 0.0, -8.502
FS_46_168_3, 3640.552, 3.655, -4.847
FS_46_168_4, 3641.563, 4.666, -3.836
FS_46_168_5, 3642.448, 5.551, -2.952
FS_46_168_6, 3642.952, 6.056, -2.447
FS_46_168_7, 3643.425, 6.528, -1.974
FS_46_168_9, 3642.989, 6.092, -2.411
FS_46_210_0, 3628.647, 0.0, -16.752
FS_46_210_3, 3630.281, 1.634, -15.118
FS_46_210_4, 3632.818, 4.171, -12.581
FS_46_210_5, 3635.841, 7.194, -9.558
FS_46_210_6, 3637.929, 9.282, -7.47
FS_46_210_7, 3639.903, 11.256, -5.496
FS_46_210_9, 3639.091, 10.444, -6.308
FS_46_h10_168_3, 3651.609, 14.712, 6.21
FS_46_h10_168_5, 3653.954, 17.057, 8.555
FS_46_h20_168_5, 3712.363, 75.467, 66.964
FS_46_h20_168_7, 3713.827, 76.93, 68.427
FS_47_126_0, 3328.07, 0.0, -2.151
FS_47_126_3, 3328.814, 0.744, -1.408
FS_47_126_4, 3329.185, 1.115, -1.037
FS_47_126_5, 3329.521, 1.451, -0.7
FS_47_126_6, 3329.974, 1.904, -0.248
FS_47_126_7, 3329.912, 1.842, -0.31
FS_47_126_9, 3329.46, 1.391, -0.761
FS_47_168_0, 3324.781, 0.0, -5.44
FS_47_168_3, 3323.807, -0.974, -6.415
FS_47_168_4, 3325.95, 1.169, -4.271
FS_47_168_5, 3327.963, 3.182, -2.258
FS_47_168_6, 3329.196, 4.415, -1.025
FS_47_168_7, 3330.211, 5.43, -0.01
FS_47_168_9, 3329.539, 4.758, -0.682
FS_47_210_0, 3313.739, 0.0, -16.482
FS_47_210_3, 3317.753, 4.013, -12.469
FS_47_210_4, 3317.982, 4.243, -12.239
FS_47_210_5, 3320.251, 6.511, -9.971
FS_47_210_6, 3323.791, 10.052, -6.43
FS_47_210_7, 3326.811, 13.072, -3.41
FS_47_210_9, 3328.796, 15.056, -1.425
FS_47_h10_168_3, 3343.807, 19.026, 13.586
FS_48_126_0, 3596.81, 0.0, -2.266
FS_48_126_3, 3596.628, -0.182, -2.448
FS_48_126_4, 3596.929, 0.119, -2.146
FS_48_126_5, 3597.147, 0.337, -1.928
FS_48_126_6, 3597.561, 0.751, -1.514
FS_48_126_7, 3597.319, 0.509, -1.756
FS_48_126_9, 3597.469, 0.659, -1.607
FS_48_168_0, 3592.954, 0.0, -6.122
FS_48_168_3, 3593.565, 0.611, -5.511
FS_48_168_4, 3593.638, 0.685, -5.437
FS_48_168_5, 3595.15, 2.196, -3.926
FS_48_168_6, 3596.08, 3.127, -2.995
FS_48_168_7, 3595.952, 2.998, -3.124
FS_48_168_9, 3596.505, 3.551, -2.571
FS_48_210_0, 3585.56, 0.0, -13.516
FS_48_210_3, 3585.934, 0.374, -13.142
FS_48_210_4, 3586.921, 1.361, -12.155
FS_48_210_5, 3588.958, 3.398, -10.117
FS_48_210_6, 3590.683, 5.123, -8.393
FS_48_210_7, 3594.09, 8.53, -4.985
FS_48_210_9, 3594.869, 9.309, -4.207
FS_48_h10_168_3, 3603.59, 10.636, 4.514
FS_48_h10_168_5, 3605.041, 12.087, 5.965
FS_48_h20_168_5, 3659.274, 66.32, 60.198
FS_48_h20_168_7, 3662.024, 69.07, 62.948
FS_49_126_0, 3330.154, 0.0, -3.209
FS_49_126_3, 3329.911, -0.244, -3.453
FS_49_126_4, 3330.385, 0.23, -2.979
FS_49_126_5, 3330.599, 0.445, -2.765
FS_49_126_6, 3330.916, 0.762, -2.447
FS_49_126_7, 3330.992, 0.837, -2.372
FS_49_126_9, 3331.195, 1.041, -2.169
FS_49_168_0, 3327.567, 0.0, -5.797
FS_49_168_3, 3328.224, 0.657, -5.139
FS_49_168_4, 3328.753, 1.186, -4.611
FS_49_168_5, 3328.828, 1.261, -4.536
FS_49_168_6, 3329.002, 1.435, -4.361
FS_49_168_7, 3328.801, 1.234, -4.563
FS_49_168_9, 3329.328, 1.76, -4.036
FS_49_210_0, 3321.406, 0.0, -11.957
FS_49_210_3, 3322.86, 1.454, -10.503
FS_49_210_4, 3322.406, 1.0, -10.958
FS_49_210_5, 3321.96, 0.554, -11.404
FS_49_210_6, 3325.938, 4.532, -7.426
FS_49_210_7, 3327.477, 6.071, -5.887
FS_49_210_9, 3329.522, 8.116, -3.842
FS_49_h10_168_3, 3346.688, 19.121, 13.325
FS_49_h10_168_5, 3348.017, 20.45, 14.653
FS_49_h20_168_5, 3428.878, 101.311, 95.515
FS_49_h20_168_7, 3430.089, 102.522, 96.726
FS_50_126_0, 3408.591, 0.0, -2.733
FS_50_126_3, 3408.244, -0.347, -3.081
FS_50_126_4, 3408.716, 0.125, -2.609
FS_50_126_5, 3408.838, 0.247, -2.486
FS_50_126_6, 3409.208, 0.617, -2.116
FS_50_126_7, 3409.271, 0.68, -2.053
FS_50_126_9, 3409.139, 0.548, -2.185
FS_50_168_0, 3405.161, 0.0, -6.163
FS_50_168_3, 3405.952, 0.79, -5.373
FS_50_168_4, 3405.946, 0.785, -5.378
FS_50_168_5, 3406.605, 1.443, -4.72
FS_50_168_6, 3407.307, 2.146, -4.017
FS_50_168_7, 3407.037, 1.876, -4.287
FS_50_168_9, 3407.914, 2.753, -3.41
FS_50_210_0, 3401.499, 0.0, -9.825
FS_50_210_3, 3401.864, 0.365, -9.46
FS_50_210_4, 3402.181, 0.682, -9.143
FS_50_210_5, 3402.413, 0.914, -8.911
FS_50_210_6, 3405.764, 4.265, -5.56
FS_50_210_7, 3404.854, 3.355, -6.471
FS_50_210_9, 3408.045, 6.546, -3.279
FS_50_h10_168_3, 3421.814, 16.653, 10.49
FS_50_h10_168_5, 3422.237, 17.076, 10.913
FS_50_h20_168_5, 3496.39, 91.229, 85.066
FS_50_h20_168_7, 3498.865, 93.704, 87.541
FS_51_126_0, 3323.075, 0.0, 17.426
FS_51_126_3, 3324.177, 1.102, 18.528
FS_51_126_4, 3324.493, 1.417, 18.843
FS_51_126_5, 3324.951, 1.876, 19.302
FS_51_126_6, 3325.073, 1.998, 19.424
FS_51_126_7, 3324.988, 1.913, 19.339
FS_51_126_9, 3325.206, 2.131, 19.557
FS_51_168_0, 3326.183, 0.0, 20.533
FS_51_168_3, 3328.696, 2.514, 23.047
FS_51_168_4, 3329.915, 3.732, 24.265
FS_51_168_5, 3330.555, 4.373, 24.906
FS_51_168_6, 3330.436, 4.253, 24.786
FS_51_168_7, 3330.513, 4.33, 24.863
FS_51_168_9, 3330.451, 4.268, 24.801
FS_51_210_0, 3323.457, 0.0, 17.808
FS_51_210_3, 3321.421, -2.036, 15.772
FS_51_210_4, 3323.793, 0.336, 18.143
FS_51_210_5, 3326.203, 2.745, 20.553
FS_51_210_6, 3329.376, 5.919, 23.727
FS_51_210_7, 3331.274, 7.817, 25.624
FS_51_210_9, 3333.763, 10.305, 28.113
FS_51_h10_168_3, 3340.556, 14.374, 34.907
FS_51_h10_168_5, 3341.753, 15.57, 36.103
FS_51_h20_168_5, 3407.153, 80.97, 101.503
FS_51_h20_168_7, 3408.067, 81.884, 102.418
FS_52_126_0, 3403.089, 0.0, -2.546
FS_52_126_3, 3403.85, 0.761, -1.784
FS_52_126_4, 3404.246, 1.156, -1.389
FS_52_126_5, 3404.622, 1.533, -1.013
FS_52_126_6, 3404.837, 1.748, -0.798
FS_52_126_7, 3404.714, 1.625, -0.92
FS_52_126_9, 3404.71, 1.621, -0.925
FS_52_168_0, 3399.643, 0.0, -5.992
FS_52_168_3, 3400.969, 1.326, -4.666
FS_52_168_4, 3402.171, 2.528, -3.464
FS_52_168_5, 3403.851, 4.208, -1.784
FS_52_168_6, 3404.558, 4.915, -1.077
FS_52_168_7, 3403.883, 4.24, -1.752
FS_52_168_9, 3404.008, 4.366, -1.626
FS_52_210_0, 3388.722, 0.0, -16.912
FS_52_210_3, 3393.215, 4.493, -12.42
FS_52_210_4, 3395.418, 6.695, -10.217
FS_52_210_5, 3398.201, 9.479, -7.433
FS_52_210_6, 3400.696, 11.973, -4.939
FS_52_210_7, 3402.619, 13.897, -3.016
FS_52_210_9, 3404.202, 15.479, -1.433
FS_52_h10_168_3, 3415.091, 15.448, 9.457
FS_52_h10_168_5, 3417.258, 17.615, 11.623
FS_52_h20_168_5, 3488.916, 89.273, 83.281
FS_52_h20_168_7, 3488.651, 89.008, 83.016
FS_53_126_0, 3782.483, 0.0, -2.215
FS_53_126_3, 3782.937, 0.454, -1.76
FS_53_126_4, 3783.197, 0.714, -1.501
FS_53_126_5, 3783.51, 1.027, -1.188
FS_53_126_6, 3783.759, 1.276, -0.939
FS_53_126_7, 3783.933, 1.45, -0.765
FS_53_126_9, 3784.401, 1.918, -0.297
FS_53_168_0, 3776.913, 0.0, -7.785
FS_53_168_3, 3780.852, 3.939, -3.846
FS_53_168_4, 3781.725, 4.812, -2.973
FS_53_168_5, 3782.659, 5.747, -2.039
FS_53_168_6, 3782.922, 6.009, -1.776
FS_53_168_7, 3783.362, 6.45, -1.336
FS_53_168_9, 3783.402, 6.489, -1.296
FS_53_210_0, 3768.029, 0.0, -16.669
FS_53_210_3, 3770.547, 2.518, -14.151
FS_53_210_4, 3772.479, 4.45, -12.219
FS_53_210_5, 3776.585, 8.556, -8.113
FS_53_210_6, 3779.744, 11.715, -4.954
FS_53_210_7, 3779.716, 11.687, -4.982
FS_53_210_9, 3780.914, 12.885, -3.784
FS_53_h10_168_3, 3788.17, 11.257, 3.472
FS_53_h10_168_5, 3791.485, 14.572, 6.787
FS_53_h20_168_5, 3838.921, 62.008, 54.223
FS_54_126_0, 3484.292, 0.0, -3.169
FS_54_126_3, 3485.082, 0.791, -2.378
FS_54_126_4, 3485.353, 1.062, -2.107
FS_54_126_5, 3485.676, 1.384, -1.784
FS_54_126_6, 3485.877, 1.585, -1.584
FS_54_126_7, 3485.979, 1.687, -1.482
FS_54_126_9, 3486.472, 2.18, -0.989
FS_54_168_0, 3480.868, 0.0, -6.592
FS_54_168_3, 3483.532, 2.664, -3.928
FS_54_168_4, 3484.282, 3.414, -3.178
FS_54_168_5, 3484.495, 3.627, -2.965
FS_54_168_6, 3484.634, 3.766, -2.827
FS_54_168_7, 3484.635, 3.767, -2.825
FS_54_168_9, 3485.134, 4.266, -2.327
FS_54_210_0, 3471.812, 0.0, -15.649
FS_54_210_3, 3472.448, 0.636, -15.013
FS_54_210_4, 3475.8, 3.988, -11.66
FS_54_210_5, 3479.54, 7.728, -7.92
FS_54_210_6, 3480.395, 8.583, -7.066
FS_54_210_7, 3481.727, 9.915, -5.734
FS_54_210_9, 3481.548, 9.737, -5.912
FS_54_h10_168_3, 3497.82, 16.952, 10.36
FS_54_h10_168_5, 3500.103, 19.235, 12.643
FS_54_h20_168_5, 3571.655, 90.787, 84.195
FS_54_h20_168_7, 3573.612, 92.744, 86.152
FS_55_126_0, 3431.644, 0.0, -1.936
FS_55_126_3, 3432.201, 0.557, -1.378
FS_55_126_4, 3432.604, 0.96, -0.975
FS_55_126_5, 3432.824, 1.18, -0.755
FS_55_126_6, 3433.073, 1.429, -0.507
FS_55_126_7, 3433.169, 1.525, -0.41
FS_55_126_9, 3432.554, 0.91, -1.025
FS_55_168_0, 3429.505, 0.0, -4.075
FS_55_168_3, 3430.493, 0.989, -3.086
FS_55_168_4, 3429.81, 0.305, -3.77
FS_55_168_5, 3429.982, 0.477, -3.598
FS_55_168_6, 3430.87, 1.365, -2.709
FS_55_168_7, 3431.436, 1.931, -2.144
FS_55_168_9, 3431.207, 1.703, -2.372
FS_55_210_0, 3423.219, 0.0, -10.361
FS_55_210_3, 3427.261, 4.042, -6.319
FS_55_210_4, 3428.115, 4.896, -5.464
FS_55_210_5, 3427.507, 4.288, -6.073
FS_55_210_6, 3427.831, 4.612, -5.749
FS_55_210_7, 3429.176, 5.957, -4.404
FS_55_210_9, 3432.743, 9.524, -0.837
FS_55_h10_168_3, 3440.769, 11.265, 7.19
FS_55_h20_168_5, 3507.551, 78.046, 73.971
FS_55_h20_168_7, 3510.709, 81.205, 77.13
FS_56_126_0, 3188.784, 0.0, -2.604
FS_56_126_3, 3189.522, 0.738, -1.866
FS_56_126_4, 3189.94, 1.156, -1.448
FS_56_126_5, 3190.127, 1.343, -1.261
FS_56_126_6, 3190.185, 1.401, -1.203
FS_56_126_7, 3190.21, 1.426, -1.178
FS_56_126_9, 3190.355, 1.571, -1.033
FS_56_168_0, 3183.214, 0.0, -8.173
FS_56_168_3, 3186.23, 3.016, -5.157
FS_56_168_4, 3188.133, 4.918, -3.255
FS_56_168_5, 3189.425, 6.211, -1.962
FS_56_168_6, 3189.738, 6.523, -1.65
FS_56_168_7, 3189.26, 6.045, -2.128
FS_56_168_9, 3189.672, 6.458, -1.715
FS_56_210_0, 3182.528, 0.0, -8.86
FS_56_210_3, 3184.579, 2.052, -6.808
FS_56_210_4, 3183.322, 0.794, -8.066
FS_56_210_5, 3184.505, 1.978, -6.882
FS_56_210_6, 3186.055, 3.527, -5.333
FS_56_210_7, 3187.962, 5.435, -3.425
FS_56_210_9, 3189.812, 7.284, -1.576
FS_56_h10_168_3, 3211.217, 28.003, 19.829
FS_56_h10_168_5, 3212.399, 29.185, 21.012
FS_57_126_0, 3691.998, 0.0, -2.173
FS_57_126_3, 3691.966, -0.033, -2.206
FS_57_126_4, 3692.399, 0.401, -1.773
FS_57_126_5, 3692.421, 0.422, -1.751
FS_57_126_6, 3692.704, 0.705, -1.468
FS_57_126_7, 3692.797, 0.799, -1.375
FS_57_126_9, 3692.908, 0.909, -1.264
FS_57_168_0, 3690.033, 0.0, -4.139
FS_57_168_3, 3689.7, -0.333, -4.471
FS_57_168_4, 3690.139, 0.106, -4.033
FS_57_168_5, 3691.263, 1.23, -2.909
FS_57_168_6, 3691.875, 1.842, -2.297
FS_57_168_7, 3692.408, 2.375, -1.764
FS_57_168_9, 3691.02, 0.987, -3.152
FS_57_210_0, 3681.309, 0.0, -12.863
FS_57_210_3, 3681.909, 0.6, -12.263
FS_57_210_4, 3683.954, 2.645, -10.218
FS_57_210_5, 3685.968, 4.659, -8.204
FS_57_210_6, 3687.833, 6.523, -6.339
FS_57_210_7, 3689.256, 7.947, -4.916
FS_57_210_9, 3690.834, 9.525, -3.338
FS_57_h10_168_3, 3697.837, 7.804, 3.665
FS_57_h10_168_5, 3699.935, 9.902, 5.763
FS_57_h20_168_5, 3751.718, 61.685, 57.546
FS_57_h20_168_7, 3754.193, 64.16, 60.022
FS_58_126_0, 3408.19, 0.0, -3.1
FS_58_126_3, 3408.246, 0.056, -3.044
FS_58_126_4, 3408.616, 0.426, -2.674
FS_58_126_5, 3408.96, 0.77, -2.331
FS_58_126_6, 3409.182, 0.992, -2.108
FS_58_126_7, 3408.983, 0.793, -2.307
FS_58_126_9, 3409.334, 1.144, -1.956
FS_58_168_0, 3405.334, 0.0, -5.956
FS_58_168_3, 3405.581, 0.247, -5.709
FS_58_168_4, 3406.194, 0.86, -5.096
FS_58_168_5, 3407.374, 2.04, -3.916
FS_58_168_6, 3407.644, 2.31, -3.646
FS_58_168_7, 3406.878, 1.544, -4.412
FS_58_168_9, 3408.217, 2.884, -3.073
FS_58_210_0, 3399.747, 0.0, -11.543
FS_58_210_3, 3398.654, -1.093, -12.636
FS_58_210_4, 3399.457, -0.29, -11.833
FS_58_210_5, 3402.248, 2.501, -9.042
FS_58_210_6, 3404.227, 4.48, -7.063
FS_58_210_7, 3404.797, 5.05, -6.493
FS_58_210_9, 3406.371, 6.625, -4.919
FS_58_h10_168_3, 3423.421, 18.087, 12.131
FS_58_h10_168_5, 3423.491, 18.157, 12.201
FS_58_h20_168_5, 3499.975, 94.641, 88.685
FS_58_h20_168_7, 3502.218, 96.884, 90.928
FS_59_126_0, 3636.452, 0.0, -2.761
FS_59_126_3, 3637.191, 0.739, -2.021
FS_59_126_4, 3637.505, 1.053, -1.708
FS_59_126_5, 3637.883, 1.431, -1.329
FS_59_126_6, 3638.184, 1.732, -1.029
FS_59_126_7, 3638.359, 1.907, -0.854
FS_59_126_9, 3638.761, 2.309, -0.451
FS_59_168_0, 3631.616, 0.0, -7.597
FS_59_168_3, 3634.208, 2.592, -5.005
FS_59_168_4, 3635.931, 4.315, -3.282
FS_59_168_5, 3636.697, 5.081, -2.515
FS_59_168_6, 3637.108, 5.493, -2.104
FS_59_168_7, 3637.435, 5.819, -1.778
FS_59_168_9, 3637.657, 6.041, -1.556
FS_59_210_0, 3622.393, 0.0, -16.82
FS_59_210_3, 3622.432, 0.039, -16.78
FS_59_210_4, 3628.69, 6.297, -10.523
FS_59_210_5, 3630.926, 8.532, -8.287
FS_59_210_6, 3632.851, 10.458, -6.361
FS_59_210_7, 3633.341, 10.948, -5.872
FS_59_210_9, 3634.725, 12.332, -4.487
FS_59_h10_168_3, 3647.362, 15.746, 8.149
FS_59_h10_168_5, 3649.315, 17.699, 10.102
FS_59_h20_168_5, 3701.011, 69.395, 61.798
FS_59_h20_168_7, 3703.104, 71.488, 63.891
FS_60_126_0, 3487.889, 0.0, -2.636
FS_60_126_3, 3487.798, -0.092, -2.727
FS_60_126_4, 3488.007, 0.117, -2.518
FS_60_126_5, 3488.217, 0.328, -2.307
FS_60_126_6, 3488.371, 0.482, -2.153
FS_60_126_7, 3488.31, 0.421, -2.214
FS_60_126_9, 3488.363, 0.474, -2.162
FS_60_168_0, 3484.534, 0.0, -5.991
FS_60_168_3, 3484.754, 0.22, -5.77
FS_60_168_4, 3485.763, 1.229, -4.762
FS_60_168_5, 3486.744, 2.21, -3.781
FS_60_168_6, 3487.16, 2.626, -3.364
FS_60_168_7, 3486.627, 2.093, -3.898
FS_60_168_9, 3487.988, 3.453, -2.537
FS_60_210_0, 3479.483, 0.0, -11.042
FS_60_210_3, 3478.944, -0.538, -11.58
FS_60_210_4, 3478.803, -0.68, -11.722
FS_60_210_5, 3481.206, 1.723, -9.319
FS_60_210_6, 3483.564, 4.081, -6.961
FS_60_210_7, 3484.136, 4.654, -6.388
FS_60_210_9, 3485.663, 6.18, -4.862
FS_60_h10_168_3, 3500.823, 16.289, 10.298
FS_60_h10_168_5, 3500.934, 16.4, 10.409
FS_60_h20_168_5, 3571.256, 86.722, 80.732
FS_60_h20_168_7, 3573.178, 88.643, 82.653
FS_5_h20_168_4, 3170.096, 3081.453, -11.658
FS_11_h10_168_3, 3227.661, 146.208, -7.798
FS_11_h10_168_5, 3228.713, 147.26, -6.745
FS_13_h20_168_5, 3131.602, 2984.342, -15.132
FS_16_h10_168_3, 3641.021, 656.679, -13.101
FS_17_h20_168_3, 3323.212, 2666.533, -13.132
FS_18_h10_168_5, 3277.693, 611.16, -7.938
FS_18_h20_168_7, 3299.769, 633.236, 14.138
FS_23_h10_168_3, 2943.944, 2310.708, -11.763
FS_23_h10_168_5, 2944.757, 2311.521, -10.95
FS_28_h10_168_5, 3204.605, 893.084, -9.915
FS_34_h10_168_9, 3130.378, 2237.294, -4.373
FS_34_h20_168_6, 3163.622, 2270.538, 28.871
FS_34_h20_168_7, 3163.79, 2270.706, 29.039
FS_45_h10_168_4, 3486.729, 1216.023, -10.483
